201 1 4
201 111 4
201 268 4
201 283 4
201 291 3
201 305 5
201 331 3
201 740 3
202 259 3
202 292 5
202 682 4
202 872 5
202 877 3
202 880 5
202 887 5
202 895 2
202 948 5
203 7 4
203 9 4
203 100 4
203 106 3
203 111 3
203 117 4
203 118 3
203 121 3
203 123 4
203 129 4
203 148 3
203 181 4
203 222 4
203 235 2
203 274 3
203 276 4
203 284 4
203 291 4
203 370 3
203 410 3
203 471 4
203 472 3
203 515 4
203 546 3
203 597 3
203 685 4
203 748 3
203 845 4
203 864 3
203 866 4
203 925 3
203 928 3
204 22 4
204 66 4
204 243 2
204 245 3
204 258 4
204 259 2
204 269 4
204 270 4
204 289 3
204 300 4
204 307 3
204 310 4
204 313 4
204 323 3
204 327 3
204 331 3
204 333 4
204 342 3
204 343 3
204 348 3
204 678 3
204 683 3
204 687 2
204 689 3
204 690 3
204 748 3
204 754 4
204 879 3
204 892 3
204 901 2
205 2 3
205 5 5
205 8 4
205 11 4
205 12 5
205 22 4
205 23 4
205 28 5
205 29 4
205 30 4
205 31 4
205 32 4
205 33 4
205 37 1
205 38 2
205 39 3
205 40 4
205 41 3
205 42 4
205 43 2
205 45 4
205 47 3
205 48 4
205 49 4
205 50 4
205 51 4
205 52 4
205 53 5
205 55 4
205 56 4
205 57 5
205 58 4
205 60 4
205 61 4
205 62 3
205 63 3
205 64 5
205 66 4
205 67 5
205 68 4
205 70 4
205 71 4
205 72 3
205 73 3
205 75 4
205 76 4
205 77 3
205 78 3
205 80 3
205 81 4
205 82 4
205 83 4
205 85 2
205 87 4
205 88 3
205 90 3
205 91 4
205 92 3
205 94 3
205 96 4
205 97 4
205 98 4
205 101 3
205 102 3
205 127 5
205 132 4
205 135 4
205 139 3
205 141 4
205 142 3
205 149 4
205 161 4
205 168 4
205 169 5
205 172 4
205 173 5
205 175 4
205 178 5
205 179 4
205 180 4
205 183 5
205 184 4
205 185 5
205 186 4
205 188 3
205 189 4
205 190 5
205 191 5
205 192 4
205 193 4
205 195 4
205 197 4
205 198 4
205 199 4
205 200 4
205 202 3
205 204 4
205 206 3
205 207 4
205 208 4
205 210 4
205 211 4
205 212 3
205 214 3
205 215 4
205 216 4
205 217 3
205 218 4
205 219 3
205 226 3
205 227 3
205 228 4
205 229 3
205 230 4
205 231 3
205 232 3
205 233 3
205 234 4
205 238 5
205 239 3
205 265 4
205 288 4
205 302 4
205 308 3
205 317 4
205 318 4
205 347 3
205 350 2
205 351 5
205 356 2
205 361 5
205 364 3
205 365 3
205 366 4
205 367 4
205 371 4
205 374 4
205 376 2
205 377 1
205 379 5
205 383 2
205 384 1
205 386 5
205 387 3
205 388 2
205 391 4
205 393 3
205 395 3
205 396 4
205 397 2
205 399 4
205 400 1
205 402 4
205 403 3
205 404 4
205 414 3
205 415 2
205 416 4
205 417 3
205 419 4
205 420 4
205 421 5
205 422 3
205 423 4
205 426 4
205 427 4
205 430 5
205 431 4
205 433 4
205 434 4
205 437 1
205 438 1
205 439 1
205 440 1
205 441 3
205 442 1
205 444 2
205 446 3
205 447 4
205 448 4
205 449 4
205 450 1
205 451 3
205 452 4
205 453 2
205 461 4
205 462 3
205 463 4
205 464 5
205 465 3
205 467 4
205 469 3
205 470 2
205 480 4
205 482 4
205 501 4
205 504 4
205 509 3
205 510 4
205 511 4
205 514 4
205 515 5
205 516 4
205 517 3
205 518 4
205 519 5
205 520 5
205 521 4
205 522 5
205 523 4
205 524 3
205 525 5
205 526 4
205 527 4
205 528 4
205 529 4
205 530 4
205 536 4
205 537 4
205 540 1
205 541 3
205 543 3
205 545 2
205 548 2
205 549 4
205 551 5
205 552 2
205 553 4
205 555 4
205 556 3
205 557 3
205 558 5
205 559 3
205 560 3
205 561 3
205 562 3
205 563 2
205 564 3
205 565 5
205 566 3
205 567 3
205 568 4
205 569 2
205 570 3
205 573 2
205 574 1
205 575 1
205 577 3
205 578 5
205 579 4
205 580 3
205 581 4
205 583 4
205 584 3
205 585 1
205 586 2
205 588 4
205 592 3
205 593 5
205 603 4
205 606 4
205 622 3
205 623 2
205 624 1
205 625 4
205 626 5
205 627 3
205 639 4
205 642 4
205 643 4
205 644 4
205 645 4
205 647 4
205 648 5
205 649 4
205 650 5
205 651 4
205 652 3
205 653 4
205 654 4
205 655 4
205 656 4
205 659 4
205 661 4
205 662 3
205 664 4
205 666 4
205 667 1
205 669 3
205 670 4
205 671 5
205 673 5
205 674 2
205 675 4
205 679 3
205 684 4
205 692 4
205 693 4
205 694 5
205 695 3
205 697 3
205 699 4
205 700 2
205 702 3
205 707 3
205 708 4
205 710 3
205 712 2
205 714 4
205 715 4
205 716 4
205 719 3
205 720 3
205 721 3
205 722 2
205 723 3
205 726 4
205 727 5
205 728 2
205 729 3
205 731 3
205 732 3
205 734 2
205 736 4
205 739 4
205 745 5
205 746 5
205 747 3
205 753 5
205 755 4
205 759 2
205 761 1
205 765 3
205 768 2
205 769 2
205 770 5
205 771 2
205 772 5
205 773 5
205 774 3
205 775 3
205 776 2
205 777 2
205 778 4
205 779 4
205 780 4
205 782 3
205 783 3
205 784 1
205 785 4
205 786 3
205 787 5
205 788 1
205 789 4
205 790 5
205 791 3
205 793 2
205 794 3
205 795 2
205 796 3
205 798 1
205 802 1
205 807 1
205 808 3
205 810 5
205 812 2
205 816 3
205 842 5
205 843 5
205 849 4
205 851 5
205 853 5
205 854 5
205 855 3
205 858 1
205 859 1
205 860 3
205 861 3
205 904 3
205 921 5
205 939 2
205 941 3
205 943 3
205 944 2
205 946 4
205 947 3
205 949 3
205 951 3
205 953 3
205 955 4
205 956 3
205 957 3
205 959 4
205 960 4
205 964 3
205 969 3
205 971 4
205 994 2
205 996 2
205 997 5
205 999 4
206 1 4
206 3 5
206 4 5
206 5 2
206 7 4
206 8 4
206 10 5
206 11 5
206 12 5
206 13 3
206 14 5
206 15 4
206 20 4
206 22 5
206 24 5
206 25 3
206 28 4
206 30 5
206 32 4
206 39 5
206 40 3
206 42 5
206 47 1
206 48 2
206 50 4
206 52 4
206 58 4
206 63 3
206 64 5
206 69 4
206 71 5
206 72 3
206 79 5
206 85 5
206 86 5
206 87 4
206 89 2
206 92 4
206 93 4
206 96 5
206 99 5
206 115 5
206 117 1
206 121 2
206 123 3
206 125 3
206 127 5
206 129 3
206 131 5
206 132 4
206 133 5
206 134 4
206 135 4
206 136 5
206 143 4
206 148 1
206 151 3
206 152 3
206 153 4
206 156 4
206 158 4
206 164 5
206 168 4
206 170 5
206 172 3
206 173 5
206 174 4
206 175 4
206 179 5
206 181 1
206 182 4
206 183 1
206 186 5
206 187 3
206 188 3
206 190 4
206 191 4
206 194 4
206 195 3
206 196 3
206 198 4
206 199 3
206 202 1
206 203 4
206 204 2
206 206 3
206 209 3
206 211 5
206 212 5
206 213 4
206 215 2
206 218 4
206 219 4
206 220 1
206 222 2
206 228 2
206 234 4
206 235 5
206 237 4
206 238 5
206 239 5
206 240 3
206 274 4
206 275 4
206 276 4
206 277 5
206 284 2
206 289 2
206 317 4
206 318 5
206 357 4
206 368 1
206 381 4
206 396 3
206 404 4
206 405 1
206 410 3
206 411 1
206 414 4
206 418 4
206 419 4
206 420 4
206 421 3
206 427 4
206 428 4
206 429 5
206 430 5
206 431 5
206 434 1
206 435 4
206 436 5
206 443 4
206 447 5
206 451 4
206 452 3
206 453 1
206 461 4
206 463 4
206 468 3
206 469 3
206 474 4
206 476 2
206 479 4
206 480 4
206 481 4
206 482 4
206 485 5
206 487 5
206 488 4
206 490 5
206 496 4
206 498 4
206 499 5
206 501 4
206 503 3
206 504 4
206 505 4
206 507 5
206 508 4
206 509 4
206 511 4
206 514 5
206 515 5
206 517 3
206 519 5
206 520 4
206 523 5
206 524 2
206 526 4
206 527 4
206 528 4
206 529 4
206 543 1
206 559 3
206 561 3
206 573 3
206 582 4
206 588 4
206 589 5
206 591 4
206 596 2
206 605 5
206 606 5
206 607 3
206 608 5
206 610 5
206 611 5
206 612 3
206 624 1
206 632 5
206 633 4
206 634 5
206 638 1
206 639 4
206 640 3
206 641 4
206 642 4
206 645 5
206 647 4
206 651 4
206 652 3
206 655 5
206 662 4
206 663 3
206 664 3
206 665 1
206 672 1
206 675 3
206 692 2
206 693 4
206 699 5
206 701 4
206 705 3
206 712 5
206 713 4
206 715 5
206 727 4
206 732 2
206 735 4
206 737 3
206 745 5
206 746 4
206 747 4
206 756 2
206 772 2
206 787 3
206 813 4
206 823 5
206 825 4
206 826 2
206 831 4
206 845 4
206 919 5
206 921 5
206 923 5
206 942 4
206 960 4
206 962 1
207 1 4
207 2 3
207 4 4
207 8 4
207 25 4
207 28 4
207 29 3
207 40 3
207 45 4
207 50 4
207 56 4
207 62 3
207 68 3
207 69 4
207 70 4
207 82 4
207 88 4
207 89 4
207 91 3
207 96 4
207 97 4
207 98 4
207 99 4
207 100 4
207 117 4
207 118 3
207 123 3
207 127 4
207 132 4
207 135 4
207 143 4
207 144 4
207 147 4
207 157 4
207 158 3
207 159 4
207 161 4
207 163 4
207 172 4
207 173 4
207 174 4
207 177 4
207 179 4
207 180 4
207 181 4
207 182 4
207 183 4
207 185 4
207 186 4
207 188 4
207 193 4
207 194 4
207 196 4
207 197 4
207 200 4
207 201 3
207 202 4
207 203 4
207 205 4
207 208 4
207 209 4
207 211 4
207 214 3
207 215 4
207 216 4
207 217 3
207 218 4
207 222 4
207 223 4
207 226 4
207 227 3
207 228 4
207 229 3
207 230 3
207 231 3
207 232 3
207 235 3
207 238 4
207 239 4
207 244 3
207 248 4
207 249 3
207 250 3
207 255 3
207 257 4
207 265 4
207 269 4
207 274 4
207 286 4
207 289 3
207 290 3
207 291 3
207 313 4
207 316 4
207 345 3
207 357 4
207 371 3
207 382 4
207 385 4
207 393 4
207 399 3
207 400 1
207 405 3
207 416 3
207 418 4
207 423 4
207 427 4
207 428 4
207 432 4
207 433 4
207 436 4
207 447 4
207 448 3
207 449 3
207 455 3
207 466 4
207 476 3
207 478 4
207 479 4
207 483 5
207 484 4
207 493 5
207 496 4
207 502 4
207 508 4
207 510 4
207 514 4
207 519 4
207 521 4
207 525 4
207 559 3
207 561 2
207 565 3
207 588 4
207 603 4
207 616 4
207 629 4
207 635 3
207 642 4
207 648 4
207 656 4
207 657 4
207 660 4
207 675 4
207 684 4
207 705 4
207 710 3
207 712 3
207 715 3
207 729 4
207 732 4
207 746 4
207 755 4
207 756 3
207 785 3
207 844 3
207 859 2
207 869 3
207 879 3
207 949 3
207 969 3
207 972 4
207 993 3
208 270 4
208 271 3
208 286 3
208 294 3
208 300 4
208 313 4
208 315 4
208 319 3
208 328 4
208 347 5
208 358 3
208 539 1
208 683 3
208 689 3
208 748 3
209 6 5
209 8 4
209 9 4
209 12 4
209 14 5
209 22 4
209 23 4
209 28 4
209 30 4
209 48 4
209 50 5
209 58 4
209 59 4
209 60 4
209 65 4
209 87 4
209 97 4
209 98 4
209 99 4
209 100 5
209 133 4
209 135 4
209 153 4
209 154 4
209 156 4
209 162 4
209 166 4
209 168 4
209 170 4
209 172 5
209 173 4
209 174 5
209 175 4
209 179 4
209 181 4
209 186 4
209 191 4
209 192 4
209 195 4
209 197 4
209 199 4
209 200 4
209 201 3
209 202 4
209 203 4
209 204 4
209 205 3
209 207 4
209 209 4
209 210 4
209 213 5
209 214 3
209 216 4
209 223 4
209 264 4
209 266 4
209 270 3
209 275 4
209 276 4
209 283 4
209 285 4
209 286 4
209 288 4
209 300 4
209 303 3
209 318 4
209 321 3
209 322 3
209 325 4
209 327 3
209 339 3
209 343 3
209 357 4
209 367 4
209 381 4
209 382 3
209 404 4
209 427 4
209 428 5
209 429 4
209 430 4
209 433 4
209 435 4
209 461 4
209 478 4
209 479 4
209 480 4
209 481 4
209 482 4
209 483 5
209 485 4
209 486 4
209 489 4
209 491 4
209 493 5
209 496 4
209 497 4
209 498 5
209 504 4
209 505 4
209 514 4
209 516 4
209 518 4
209 520 4
209 523 4
209 526 4
209 527 4
209 528 4
209 530 4
209 604 4
209 606 4
209 607 3
209 608 5
209 609 3
209 615 4
209 618 3
209 631 3
209 633 4
209 647 4
209 654 5
209 659 4
209 661 4
209 664 4
209 676 3
209 680 4
209 684 4
209 708 3
209 709 4
209 714 4
209 733 5
209 749 3
209 855 4
209 877 2
209 879 4
209 937 4
209 945 4
209 965 4
209 995 4
210 258 4
210 269 4
210 286 4
210 289 3
210 300 4
210 311 2
210 312 4
210 313 5
210 315 4
210 316 4
210 323 3
210 328 3
210 340 3
210 354 4
210 690 4
210 754 4
210 873 2
210 898 1
210 905 3
211 1 4
211 4 4
211 9 4
211 22 4
211 38 3
211 56 4
211 73 4
211 88 4
211 117 4
211 161 4
211 168 4
211 172 4
211 181 4
211 186 4
211 195 4
211 196 4
211 208 4
211 209 4
211 210 4
211 222 4
211 227 3
211 228 4
211 229 3
211 230 3
211 258 4
211 265 4
211 276 4
211 318 4
211 405 3
211 435 4
211 449 3
211 451 4
211 485 3
211 527 4
211 566 4
211 568 4
211 651 4
211 655 4
211 709 4
211 720 3
211 732 3
211 770 4
212 4 3
212 7 4
212 23 4
212 24 3
212 28 5
212 56 4
212 64 4
212 70 5
212 81 4
212 92 4
212 96 4
212 150 4
212 154 3
212 172 4
212 173 5
212 175 4
212 182 4
212 186 4
212 193 3
212 206 3
212 211 5
212 218 1
212 276 4
212 288 3
212 318 4
212 340 3
212 408 5
212 427 4
212 436 4
212 480 4
212 487 4
212 508 3
212 526 3
212 634 1
212 651 4
212 684 4
212 724 4
213 7 5
213 9 4
213 15 3
213 50 5
213 124 5
213 181 5
213 222 4
213 236 3
213 245 2
213 255 5
213 257 4
213 258 5
213 260 1
213 269 5
213 271 1
213 275 1
213 286 4
213 297 4
213 300 3
213 301 1
213 302 4
213 303 1
213 306 5
213 326 3
213 328 1
213 332 4
213 471 5
213 508 3
213 628 2
213 690 4
213 877 2
213 936 5
214 100 4
214 258 4
214 260 1
214 294 3
214 300 4
214 301 3
214 302 3
214 325 1
214 340 3
214 343 5
214 678 4
214 748 3
215 56 1
215 185 3
215 195 3
215 243 1
215 269 4
215 322 1
215 323 5
215 328 1
215 432 5
215 531 3
215 748 1
215 754 4
216 1 4
216 2 3
216 7 4
216 8 4
216 9 4
216 10 4
216 11 3
216 12 5
216 13 4
216 14 5
216 21 3
216 22 4
216 24 3
216 25 3
216 27 2
216 28 5
216 29 3
216 31 4
216 32 4
216 36 3
216 38 3
216 41 1
216 42 4
216 43 3
216 44 4
216 49 4
216 50 5
216 51 4
216 53 3
216 54 3
216 55 4
216 56 4
216 58 4
216 64 5
216 65 4
216 66 4
216 67 2
216 69 4
216 70 4
216 71 4
216 73 4
216 77 3
216 81 3
216 82 4
216 83 4
216 85 4
216 86 4
216 87 4
216 88 4
216 90 3
216 92 3
216 93 4
216 94 3
216 97 4
216 98 4
216 99 5
216 105 5
216 106 5
216 107 5
216 117 3
216 121 4
216 123 3
216 125 4
216 126 4
216 127 5
216 132 5
216 133 4
216 134 4
216 136 4
216 137 5
216 140 3
216 142 3
216 143 4
216 144 4
216 148 3
216 154 4
216 155 3
216 156 4
216 157 4
216 158 3
216 159 3
216 161 4
216 168 4
216 172 4
216 174 5
216 176 4
216 178 4
216 181 4
216 182 4
216 183 4
216 185 4
216 187 5
216 191 4
216 194 4
216 195 4
216 196 4
216 197 4
216 199 4
216 200 3
216 202 4
216 203 4
216 204 4
216 209 4
216 210 4
216 211 4
216 213 4
216 215 4
216 216 4
216 217 5
216 219 2
216 220 3
216 225 4
216 226 4
216 230 4
216 234 4
216 237 4
216 238 4
216 239 4
216 240 2
216 241 3
216 242 2
216 245 2
216 246 5
216 248 5
216 249 1
216 250 5
216 251 3
216 252 3
216 253 4
216 254 3
216 257 5
216 258 4
216 259 2
216 264 1
216 266 2
216 268 3
216 272 4
216 274 4
216 275 5
216 276 4
216 277 3
216 281 3
216 283 4
216 284 3
216 285 5
216 286 4
216 287 4
216 288 2
216 289 1
216 294 3
216 295 3
216 297 3
216 298 5
216 301 2
216 304 1
216 307 5
216 312 4
216 313 4
216 315 1
216 316 3
216 317 4
216 318 5
216 319 3
216 322 5
216 323 3
216 326 3
216 327 1
216 328 2
216 329 5
216 331 4
216 332 4
216 333 4
216 338 3
216 339 3
216 346 1
216 347 4
216 348 5
216 354 1
216 356 3
216 357 4
216 364 2
216 366 3
216 367 3
216 369 2
216 375 2
216 378 4
216 385 3
216 388 2
216 393 4
216 395 2
216 396 4
216 399 4
216 401 2
216 402 4
216 403 3
216 404 4
216 405 3
216 411 2
216 412 2
216 417 3
216 418 3
216 419 4
216 423 4
216 425 4
216 427 4
216 431 4
216 432 4
216 433 4
216 443 4
216 448 3
216 451 4
216 452 1
216 462 4
216 463 4
216 468 4
216 469 2
216 471 3
216 472 4
216 473 4
216 475 4
216 476 3
216 479 4
216 480 4
216 496 4
216 498 4
216 500 4
216 501 3
216 506 4
216 509 4
216 515 5
216 526 4
216 531 4
216 532 5
216 538 1
216 546 3
216 549 4
216 553 3
216 554 2
216 559 3
216 560 3
216 564 1
216 568 4
216 576 4
216 578 4
216 585 4
216 588 4
216 591 5
216 592 3
216 607 4
216 614 4
216 619 5
216 625 2
216 627 3
216 628 5
216 633 4
216 651 4
216 652 4
216 657 4
216 658 2
216 660 4
216 662 4
216 676 1
216 678 1
216 682 1
216 684 4
216 685 5
216 686 1
216 689 1
216 690 3
216 693 4
216 696 5
216 699 4
216 707 4
216 708 4
216 710 2
216 712 4
216 713 4
216 717 5
216 720 3
216 721 2
216 723 4
216 724 4
216 729 3
216 734 3
216 735 4
216 737 3
216 738 3
216 739 4
216 746 4
216 747 4
216 748 1
216 750 4
216 754 5
216 755 4
216 761 3
216 762 4
216 768 3
216 770 4
216 775 3
216 778 3
216 781 4
216 783 3
216 785 4
216 790 4
216 792 5
216 794 4
216 795 3
216 803 3
216 807 1
216 812 2
216 815 5
216 819 3
216 821 2
216 824 3
216 827 4
216 833 5
216 834 4
216 840 5
216 842 3
216 843 3
216 845 4
216 849 2
216 864 3
216 866 4
216 873 2
216 874 1
216 879 1
216 895 1
216 915 5
216 916 1
216 917 4
216 918 4
216 928 4
216 929 4
216 931 1
216 934 1
216 936 5
216 937 5
216 938 1
216 941 3
216 955 4
216 959 3
216 966 4
216 972 4
216 975 3
216 980 4
216 985 5
216 990 3
216 997 2
217 1 3
217 3 3
217 5 3
217 7 5
217 11 5
217 12 4
217 13 3
217 15 4
217 16 2
217 17 3
217 20 3
217 23 5
217 27 3
217 29 4
217 32 3
217 39 3
217 42 5
217 44 4
217 47 3
217 50 1
217 51 1
217 55 4
217 56 1
217 58 3
217 62 4
217 63 1
217 64 4
217 65 5
217 67 1
217 68 4
217 69 3
217 70 3
217 72 3
217 73 5
217 77 3
217 78 3
217 79 2
217 80 2
217 81 3
217 82 5
217 83 4
217 89 5
217 91 5
217 95 1
217 96 5
217 97 4
217 98 4
217 99 1
217 100 2
217 101 1
217 106 3
217 109 5
217 118 5
217 120 2
217 122 2
217 123 4
217 125 4
217 127 5
217 131 4
217 132 3
217 135 5
217 139 3
217 142 5
217 144 5
217 145 1
217 147 3
217 154 5
217 157 5
217 159 3
217 162 5
217 164 3
217 167 5
217 168 4
217 169 3
217 171 1
217 172 1
217 173 2
217 174 2
217 176 5
217 178 4
217 179 4
217 181 1
217 182 3
217 183 5
217 184 3
217 186 3
217 190 4
217 195 1
217 196 1
217 198 2
217 200 5
217 201 4
217 202 3
217 206 3
217 207 1
217 208 3
217 214 4
217 216 5
217 217 1
217 218 3
217 219 1
217 222 1
217 223 4
217 226 5
217 228 5
217 232 4
217 234 5
217 235 2
217 242 5
217 245 4
217 246 4
217 248 4
217 250 3
217 252 3
217 255 2
217 257 4
217 258 5
217 260 3
217 264 4
217 265 4
217 270 4
217 273 4
217 286 2
217 288 3
217 290 3
217 293 4
217 294 3
217 298 3
217 323 3
217 324 5
217 325 5
217 326 2
217 340 5
217 357 3
217 358 5
217 364 2
217 367 3
217 373 1
217 380 1
217 382 5
217 385 4
217 386 2
217 388 5
217 391 5
217 392 4
217 393 3
217 395 5
217 396 1
217 399 4
217 402 4
217 403 5
217 404 3
217 413 1
217 419 4
217 420 3
217 421 4
217 422 4
217 423 3
217 425 3
217 428 4
217 431 4
217 433 5
217 436 5
217 441 2
217 444 5
217 447 3
217 449 5
217 451 4
217 452 3
217 461 4
217 465 5
217 472 3
217 474 4
217 475 3
217 483 5
217 484 4
217 485 4
217 498 4
217 501 3
217 508 1
217 513 5
217 518 4
217 541 2
217 544 1
217 545 2
217 546 4
217 551 2
217 552 4
217 555 4
217 559 1
217 561 1
217 562 4
217 563 2
217 574 5
217 578 4
217 579 4
217 582 3
217 596 5
217 597 3
217 614 4
217 616 4
217 625 3
217 628 1
217 631 4
217 636 1
217 638 5
217 640 2
217 642 2
217 655 3
217 658 4
217 665 4
217 668 3
217 669 1
217 674 4
217 679 5
217 684 4
217 685 3
217 692 3
217 708 4
217 709 1
217 710 3
217 715 5
217 723 1
217 725 1
217 727 4
217 728 3
217 732 4
217 742 4
217 746 2
217 747 1
217 748 3
217 758 2
217 762 3
217 764 1
217 765 5
217 767 1
217 769 1
217 774 1
217 778 4
217 781 4
217 783 4
217 792 3
217 796 1
217 797 1
217 800 3
217 804 3
217 809 4
217 810 1
217 815 3
217 825 3
217 827 3
217 831 2
217 849 3
217 855 1
217 871 3
217 895 2
217 923 1
217 928 4
217 940 2
217 943 3
217 944 2
217 946 1
217 963 5
217 979 4
217 999 4
217 1000 3
218 258 4
218 269 4
218 288 3
218 301 2
218 302 4
218 313 4
218 327 3
218 328 3
218 331 3
218 362 4
218 750 4
218 895 3
218 899 3
219 50 4
219 79 4
219 89 5
219 100 4
219 173 4
219 181 4
219 223 4
219 257 1
219 275 2
219 286 5
219 405 3
219 478 4
219 488 4
219 615 4
219 617 4
219 705 4
220 19 5
220 86 4
220 100 4
220 116 5
220 137 5
220 251 4
220 275 4
220 283 5
220 302 4
220 319 3
220 331 4
220 408 4
220 475 4
220 478 4
220 508 4
220 513 4
220 603 4
220 750 3
220 753 4
221 4 3
221 7 5
221 11 5
221 12 5
221 50 5
221 56 4
221 82 4
221 87 4
221 89 5
221 96 4
221 100 3
221 117 4
221 124 4
221 127 5
221 129 5
221 144 4
221 156 3
221 164 3
221 172 4
221 174 5
221 175 4
221 176 5
221 182 3
221 183 4
221 185 1
221 194 5
221 200 3
221 213 3
221 218 4
221 219 1
221 238 5
221 302 3
221 333 3
221 443 4
221 448 2
221 466 5
221 516 4
221 517 5
221 653 4
221 657 5
221 672 5
221 709 1
221 879 3
221 914 1
221 915 5
222 1 5
222 15 4
222 50 4
222 53 4
222 98 4
222 100 4
222 109 5
222 117 5
222 124 5
222 126 1
222 127 4
222 129 1
222 137 4
222 151 3
222 181 3
222 184 1
222 200 3
222 201 2
222 217 2
222 219 1
222 222 3
222 235 2
222 250 1
222 257 3
222 258 3
222 260 2
222 270 3
222 273 1
222 276 2
222 286 5
222 287 5
222 288 3
222 293 3
222 294 2
222 299 3
222 307 4
222 324 3
222 326 3
222 327 3
222 334 3
222 370 1
222 379 2
222 396 5
222 410 4
222 436 5
222 447 4
222 448 4
222 452 5
222 458 2
222 475 5
222 477 3
222 515 5
222 551 1
222 558 5
222 559 2
222 561 2
222 590 2
222 665 3
222 670 4
222 671 1
222 672 5
222 682 3
222 742 4
222 760 3
222 854 1
222 867 5
222 919 1
222 922 3
222 926 5
223 9 4
223 15 4
223 127 2
223 148 5
223 237 4
223 245 4
223 258 3
223 269 3
223 272 3
223 276 2
223 282 4
223 286 4
223 299 3
223 300 3
223 304 5
223 307 2
223 310 3
223 313 1
223 315 4
223 322 3
223 323 2
223 326 3
223 327 3
223 328 3
223 329 4
223 333 3
223 340 4
223 344 3
223 347 3
223 355 3
223 471 4
223 546 3
223 591 5
223 628 5
223 678 1
223 689 3
223 696 5
223 744 4
223 748 1
223 750 4
223 754 3
223 823 4
223 879 3
223 898 2
223 924 5
223 977 2
224 1 4
224 14 4
224 15 4
224 25 4
224 50 4
224 100 5
224 115 3
224 127 4
224 151 4
224 172 4
224 243 2
224 261 2
224 275 4
224 288 3
224 289 3
224 310 4
224 323 3
224 333 4
224 427 4
224 508 4
224 538 3
224 681 4
224 683 2
224 689 3
224 882 1
225 1 4
225 2 4
225 7 4
225 17 3
225 22 4
225 24 3
225 32 5
225 38 3
225 39 3
225 53 3
225 55 4
225 62 4
225 68 3
225 79 4
225 82 4
225 83 4
225 98 4
225 100 4
225 117 4
225 118 3
225 121 4
225 124 4
225 127 4
225 144 4
225 147 3
225 156 4
225 168 4
225 171 4
225 172 4
225 174 4
225 176 4
225 177 4
225 178 5
225 180 4
225 183 5
225 185 4
225 187 4
225 188 4
225 191 4
225 195 4
225 198 4
225 200 4
225 201 4
225 204 4
225 207 4
225 209 4
225 210 4
225 218 4
225 222 4
225 227 3
225 229 3
225 230 3
225 231 2
225 232 3
225 234 4
225 241 4
225 244 4
225 250 3
225 252 3
225 257 2
225 259 1
225 271 3
225 272 5
225 273 4
225 281 4
225 286 3
225 288 4
225 298 3
225 302 1
225 305 5
225 307 5
225 310 5
225 313 4
225 316 5
225 318 4
225 322 3
225 323 4
225 324 3
225 325 5
225 327 5
225 333 1
225 338 4
225 340 2
225 343 4
225 346 2
225 355 3
225 357 4
225 358 3
225 362 3
225 363 3
225 379 3
225 385 3
225 398 1
225 424 2
225 429 4
225 445 3
225 447 4
225 448 4
225 452 3
225 474 5
225 475 4
225 491 5
225 515 4
225 520 5
225 522 4
225 529 4
225 538 3
225 540 3
225 550 3
225 562 4
225 566 4
225 568 4
225 573 4
225 576 4
225 583 4
225 590 1
225 597 3
225 636 4
225 669 2
225 670 4
225 675 4
225 678 5
225 679 4
225 686 4
225 690 2
225 748 2
225 750 4
225 751 3
225 759 3
225 823 3
225 825 3
225 831 2
225 841 3
225 853 5
225 877 2
225 879 1
225 895 4
225 912 2
225 943 3
225 976 5
226 23 4
226 50 4
226 98 4
226 99 4
226 133 5
226 134 4
226 135 4
226 168 4
226 174 5
226 178 4
226 182 4
226 185 4
226 191 4
226 196 4
226 197 5
226 199 4
226 200 4
226 204 4
226 208 4
226 211 4
226 318 5
226 418 4
226 427 4
226 428 4
226 430 4
226 432 4
226 435 4
226 474 4
226 478 5
226 480 5
226 483 5
226 486 4
226 488 5
226 490 5
226 491 5
226 492 4
226 493 5
226 494 4
226 504 4
226 505 4
226 510 5
226 511 4
226 524 3
226 525 4
226 526 4
226 601 5
226 603 4
226 605 3
226 606 5
226 607 4
226 608 4
226 610 5
226 613 4
226 614 4
226 616 4
226 631 3
226 633 5
226 646 4
226 648 5
226 651 4
226 653 4
226 654 4
226 655 4
226 657 4
226 673 5
226 705 4
226 754 4
226 835 5
226 836 5
226 848 5
227 245 3
227 258 4
227 263 3
227 286 3
227 292 4
227 300 4
227 302 4
227 303 4
227 304 3
227 319 3
227 332 3
227 341 2
227 359 1
227 680 3
227 681 5
227 682 2
227 688 2
227 874 4
228 243 5
228 259 2
228 268 3
228 271 5
228 272 4
228 286 4
228 289 5
228 294 4
228 300 5
228 301 3
228 305 2
228 307 3
228 312 4
228 313 5
228 322 3
228 323 1
228 326 3
228 329 3
228 332 4
228 334 3
228 338 5
228 344 3
228 350 1
228 538 4
228 690 4
228 750 5
228 875 3
228 877 2
228 879 3
228 886 1
228 896 2
228 908 1
228 988 2
229 1 4
229 2 2
229 3 3
229 4 4
229 7 4
229 8 5
229 12 1
229 15 1
229 21 2
229 22 4
229 23 5
229 24 5
229 26 5
229 28 4
229 31 5
229 32 5
229 45 3
229 47 5
229 48 3
229 50 5
229 52 5
229 53 3
229 55 3
229 56 5
229 58 1
229 62 3
229 63 3
229 64 5
229 66 2
229 68 3
229 69 4
229 70 3
229 72 3
229 73 1
229 77 2
229 79 5
229 81 1
229 82 4
229 83 5
229 85 5
229 86 4
229 87 4
229 88 2
229 89 5
229 90 2
229 91 3
229 92 4
229 93 5
229 95 3
229 96 1
229 97 3
229 101 1
229 109 3
229 114 5
229 117 1
229 118 3
229 123 5
229 124 4
229 127 1
229 128 5
229 132 5
229 133 5
229 134 4
229 137 4
229 140 5
229 141 1
229 143 5
229 144 1
229 150 3
229 151 5
229 153 3
229 154 5
229 157 5
229 159 4
229 161 2
229 162 2
229 163 3
229 164 2
229 165 4
229 166 1
229 168 5
229 170 2
229 172 5
229 174 5
229 178 5
229 179 4
229 181 5
229 183 3
229 184 1
229 185 2
229 186 5
229 188 3
229 190 4
229 191 5
229 193 4
229 195 4
229 197 4
229 201 5
229 202 5
229 203 5
229 207 2
229 208 5
229 209 4
229 210 3
229 211 4
229 214 5
229 216 1
229 218 1
229 219 2
229 223 4
229 225 3
229 229 1
229 232 3
229 233 3
229 237 5
229 238 5
229 248 1
229 249 3
229 250 4
229 258 4
229 264 3
229 265 4
229 273 3
229 274 5
229 275 4
229 276 4
229 277 5
229 280 1
229 281 3
229 282 2
229 283 5
229 288 1
229 290 3
229 291 4
229 298 3
229 301 4
229 318 5
229 319 5
229 321 5
229 340 4
229 356 5
229 365 1
229 366 4
229 367 5
229 371 5
229 378 1
229 385 2
229 387 1
229 392 4
229 393 2
229 403 5
229 404 1
229 405 1
229 410 2
229 411 2
229 415 1
229 418 5
229 419 4
229 423 5
229 427 4
229 428 4
229 431 4
229 432 4
229 433 3
229 435 3
229 436 2
229 441 1
229 448 4
229 455 5
229 457 1
229 464 5
229 466 4
229 467 4
229 468 3
229 470 5
229 473 3
229 475 5
229 480 4
229 481 4
229 482 4
229 483 4
229 484 4
229 485 2
229 491 3
229 493 3
229 495 3
229 496 3
229 499 5
229 500 4
229 502 2
229 504 1
229 505 1
229 508 1
229 511 3
229 514 5
229 520 3
229 527 5
229 531 1
229 535 4
229 537 4
229 546 1
229 549 5
229 550 1
229 566 1
229 568 3
229 569 1
229 570 3
229 578 2
229 581 4
229 584 3
229 591 3
229 602 5
229 603 4
229 611 5
229 625 3
229 627 2
229 628 1
229 629 5
229 631 5
229 633 4
229 635 2
229 636 4
229 640 4
229 642 1
229 652 3
229 654 5
229 655 1
229 658 3
229 662 4
229 665 2
229 671 3
229 672 1
229 673 5
229 679 4
229 684 5
229 692 5
229 693 2
229 700 2
229 702 4
229 705 3
229 708 4
229 709 5
229 710 2
229 726 3
229 729 5
229 732 4
229 735 5
229 742 3
229 744 4
229 747 4
229 755 4
229 756 2
229 761 2
229 762 3
229 763 3
229 768 3
229 780 1
229 794 1
229 804 2
229 805 4
229 806 4
229 820 1
229 826 2
229 833 2
229 845 4
229 847 5
229 921 5
229 928 1
229 941 3
229 944 1
229 961 5
229 967 3
229 972 4
230 9 4
230 10 4
230 12 4
230 19 4
230 42 4
230 50 3
230 56 4
230 98 5
230 100 5
230 101 4
230 117 5
230 129 2
230 137 3
230 152 4
230 164 5
230 165 5
230 181 4
230 221 1
230 222 3
230 234 4
230 237 4
230 248 4
230 253 4
230 258 5
230 264 5
230 273 5
230 276 3
230 286 5
230 288 3
230 293 4
230 294 5
230 300 5
230 302 4
230 318 5
230 328 5
230 436 4
230 514 2
230 515 5
230 527 5
230 528 5
230 547 3
230 628 3
230 674 3
231 286 4
231 307 3
231 322 3
231 323 3
231 327 3
231 358 3
231 538 3
231 690 3
231 748 3
231 879 3
231 988 2
232 1 4
232 7 4
232 24 3
232 50 5
232 93 3
232 100 4
232 108 3
232 109 4
232 111 4
232 117 4
232 118 3
232 121 4
232 123 3
232 151 4
232 181 4
232 222 4
232 246 4
232 248 3
232 249 3
232 250 4
232 257 4
232 258 4
232 274 4
232 276 4
232 284 3
232 294 3
232 295 3
232 300 4
232 315 2
232 322 3
232 405 3
232 410 3
232 411 3
232 471 4
232 508 4
232 546 3
232 620 3
232 628 3
232 678 3
232 742 4
232 763 3
232 815 3
232 844 1
232 845 3
233 59 5
233 60 5
233 95 4
233 173 4
233 174 4
233 194 4
233 246 5
233 268 5
233 269 4
233 273 3
233 276 3
233 293 4
233 302 5
233 303 4
233 322 2
233 323 4
233 326 3
233 333 4
233 340 5
233 435 4
233 474 4
233 507 4
233 657 4
233 682 3
233 690 5
233 748 1
233 754 5
233 919 5
234 9 1
234 111 5
234 121 3
234 125 1
234 147 3
234 148 5
234 151 4
234 225 5
234 274 4
234 275 3
234 283 5
234 287 5
234 288 4
234 347 5
234 369 1
234 406 2
234 471 5
234 476 4
234 546 3
234 628 4
234 756 2
234 763 2
234 815 4
234 819 3
234 833 2
234 844 3
234 928 3
234 975 3
235 1 4
235 3 1
235 4 5
235 5 3
235 7 4
235 9 4
235 11 3
235 12 5
235 15 3
235 21 2
235 22 1
235 23 3
235 24 1
235 25 2
235 27 1
235 28 2
235 31 4
235 38 3
235 40 1
235 42 5
235 45 5
235 49 5
235 50 4
235 52 5
235 54 3
235 62 5
235 63 3
235 64 5
235 67 5
235 68 1
235 69 3
235 71 4
235 72 3
235 73 4
235 80 5
235 82 4
235 83 5
235 85 1
235 86 3
235 89 5
235 95 4
235 96 4
235 100 4
235 105 3
235 108 3
235 109 1
235 111 1
235 115 3
235 117 5
235 118 1
235 121 4
235 122 1
235 123 3
235 125 3
235 128 5
235 132 5
235 135 4
235 136 5
235 141 2
235 148 2
235 151 4
235 152 5
235 153 4
235 154 3
235 156 3
235 157 4
235 159 3
235 160 4
235 161 1
235 162 2
235 163 1
235 164 4
235 167 5
235 168 5
235 171 5
235 172 3
235 173 4
235 174 5
235 175 5
235 176 1
235 182 5
235 183 4
235 184 1
235 185 4
235 186 3
235 187 4
235 188 4
235 190 5
235 191 4
235 195 5
235 196 3
235 199 4
235 200 3
235 204 1
235 206 3
235 211 5
235 214 3
235 215 3
235 216 3
235 217 1
235 218 1
235 219 4
235 222 4
235 225 4
235 226 3
235 227 4
235 228 4
235 229 5
235 230 4
235 234 3
235 239 5
235 240 2
235 245 2
235 246 2
235 250 5
235 252 5
235 254 1
235 255 5
235 257 4
235 258 4
235 260 3
235 264 3
235 273 4
235 284 4
235 290 1
235 291 4
235 294 3
235 299 2
235 300 1
235 307 4
235 313 3
235 317 4
235 318 4
235 321 1
235 327 5
235 331 3
235 338 3
235 343 3
235 351 1
235 354 4
235 357 4
235 358 1
235 367 4
235 369 3
235 376 3
235 380 5
235 381 2
235 382 3
235 384 1
235 385 4
235 386 1
235 392 1
235 393 4
235 394 1
235 399 3
235 402 5
235 403 4
235 404 3
235 410 5
235 411 4
235 413 1
235 423 3
235 424 1
235 431 5
235 433 4
235 434 5
235 435 5
235 436 4
235 443 5
235 447 4
235 448 2
235 451 5
235 455 1
235 462 3
235 465 5
235 470 5
235 473 3
235 474 4
235 476 1
235 520 2
235 541 1
235 542 1
235 546 1
235 550 4
235 554 4
235 561 2
235 566 1
235 567 1
235 568 5
235 569 2
235 571 2
235 572 1
235 573 1
235 576 5
235 577 1
235 578 5
235 584 5
235 587 1
235 588 5
235 597 4
235 616 4
235 625 5
235 628 5
235 631 1
235 637 3
235 640 5
235 649 4
235 652 4
235 655 3
235 659 4
235 665 5
235 672 3
235 673 4
235 675 5
235 679 4
235 684 2
235 693 4
235 696 2
235 697 4
235 710 2
235 713 4
235 715 1
235 717 2
235 720 4
235 729 3
235 732 1
235 743 2
235 746 1
235 748 1
235 751 3
235 752 3
235 756 2
235 760 2
235 762 5
235 780 1
235 781 5
235 786 3
235 790 3
235 792 5
235 797 1
235 800 1
235 820 3
235 821 2
235 825 3
235 826 2
235 831 3
235 834 1
235 841 1
235 845 1
235 862 1
235 885 1
235 890 2
235 895 4
235 924 3
235 926 2
235 928 2
235 929 3
235 943 3
235 944 1
235 961 5
235 977 2
235 983 2
236 21 2
236 23 4
236 26 4
236 38 3
236 39 3
236 43 2
236 47 4
236 65 4
236 66 4
236 72 3
236 73 3
236 83 4
236 90 2
236 92 4
236 95 4
236 96 4
236 98 4
236 102 4
236 111 3
236 125 4
236 132 4
236 133 4
236 157 4
236 159 3
236 161 4
236 168 4
236 172 4
236 174 4
236 179 4
236 186 4
236 200 4
236 204 4
236 215 4
236 216 4
236 217 3
236 218 4
236 219 3
236 226 4
236 238 4
236 265 4
236 276 4
236 287 4
236 288 3
236 313 4
236 325 3
236 327 3
236 340 4
236 347 3
236 367 3
236 381 4
236 392 4
236 400 1
236 411 3
236 433 3
236 447 4
236 454 5
236 503 4
236 504 4
236 506 4
236 537 4
236 546 3
236 553 4
236 559 3
236 568 4
236 581 4
236 585 4
236 595 3
236 628 4
236 642 4
236 649 4
236 655 4
236 658 4
236 660 4
236 708 3
236 710 3
236 715 3
236 721 3
236 723 1
236 739 4
236 742 4
236 746 4
236 748 3
236 761 1
236 762 3
236 785 4
236 787 1
236 790 3
236 794 3
236 821 1
236 845 4
236 895 2
236 974 4
237 5 5
237 11 5
237 12 4
237 14 3
237 28 4
237 30 5
237 42 1
237 47 1
237 50 5
237 56 5
237 58 3
237 65 2
237 69 5
237 70 1
237 77 3
237 79 3
237 82 3
237 83 4
237 86 3
237 87 3
237 88 3
237 89 4
237 90 5
237 91 1
237 95 5
237 97 3
237 98 4
237 99 5
237 111 4
237 116 4
237 118 3
237 124 5
237 131 5
237 132 5
237 133 5
237 134 4
237 137 5
237 143 4
237 144 3
237 145 2
237 151 4
237 154 5
237 155 3
237 161 4
237 162 5
237 166 1
237 168 4
237 170 5
237 173 4
237 174 4
237 176 1
237 179 4
237 180 5
237 181 4
237 183 4
237 185 5
237 186 2
237 190 4
237 191 4
237 195 3
237 197 3
237 204 3
237 207 3
237 208 3
237 211 1
237 212 5
237 213 4
237 214 5
237 216 5
237 217 3
237 218 3
237 219 5
237 229 4
237 234 5
237 237 5
237 238 4
237 239 4
237 244 3
237 253 1
237 254 3
237 265 4
237 275 4
237 276 2
237 281 3
237 283 3
237 286 4
237 287 4
237 288 3
237 292 5
237 301 3
237 318 2
237 378 5
237 381 4
237 393 5
237 402 5
237 404 3
237 412 3
237 415 2
237 418 4
237 419 3
237 421 5
237 423 5
237 428 4
237 432 4
237 433 5
237 435 5
237 436 5
237 447 5
237 450 5
237 451 5
237 463 3
237 466 1
237 473 2
237 478 5
237 480 1
237 482 5
237 483 5
237 484 1
237 485 1
237 496 5
237 497 1
237 499 3
237 501 4
237 507 1
237 512 4
237 514 5
237 517 1
237 518 5
237 521 2
237 523 4
237 559 3
237 566 4
237 581 3
237 582 2
237 583 2
237 584 4
237 588 4
237 603 4
237 607 1
237 614 4
237 629 4
237 640 5
237 642 4
237 651 5
237 652 4
237 654 5
237 655 4
237 657 4
237 660 4
237 663 4
237 665 4
237 672 3
237 674 4
237 683 1
237 684 5
237 692 4
237 696 4
237 697 4
237 698 3
237 699 5
237 702 5
237 705 3
237 707 5
237 708 4
237 709 3
237 710 4
237 727 3
237 730 4
237 732 2
237 736 3
237 737 3
237 739 3
237 746 5
237 747 4
237 748 5
237 753 3
237 755 2
237 770 1
237 778 4
237 781 1
237 794 4
237 812 2
237 842 4
237 843 4
237 946 4
237 955 4
237 969 3
238 15 4
238 21 2
238 100 4
238 118 3
238 121 3
238 181 4
238 220 3
238 237 4
238 245 3
238 255 3
238 269 4
238 280 3
238 286 3
238 321 3
238 471 3
238 476 2
238 815 3
238 866 3
239 7 2
239 13 4
239 14 5
239 100 5
239 121 1
239 147 4
239 237 4
239 240 2
239 242 4
239 246 5
239 257 1
239 273 4
239 276 4
239 282 5
239 285 1
239 288 1
239 301 3
239 405 3
239 475 5
239 591 4
239 895 2
240 70 4
240 171 4
240 198 4
240 242 4
240 243 2
240 271 3
240 272 4
240 283 4
240 300 4
240 310 4
240 312 4
240 313 4
240 328 4
240 329 4
240 340 4
240 350 3
240 512 4
240 515 5
240 582 4
240 690 4
240 736 4
240 749 3
240 750 4
240 751 3
240 886 3
240 904 4
240 921 5
240 937 4
241 1 3
241 7 3
241 9 4
241 15 4
241 25 3
241 121 4
241 259 4
241 288 3
241 294 1
241 683 1
242 7 3
242 11 5
242 12 5
242 14 1
242 17 2
242 22 4
242 26 5
242 27 5
242 29 4
242 31 5
242 33 1
242 38 1
242 39 3
242 41 4
242 42 5
242 44 5
242 53 2
242 54 2
242 55 3
242 56 2
242 62 4
242 64 5
242 67 2
242 68 2
242 79 5
242 82 4
242 98 5
242 100 3
242 117 1
242 129 3
242 144 5
242 150 2
242 154 4
242 156 4
242 159 2
242 161 2
242 168 5
242 174 5
242 176 5
242 177 5
242 182 4
242 184 1
242 186 3
242 195 1
242 203 4
242 204 1
242 209 5
242 210 5
242 219 5
242 226 5
242 228 5
242 229 4
242 230 1
242 231 1
242 234 5
242 240 3
242 273 5
242 276 1
242 281 5
242 286 4
242 288 1
242 294 2
242 318 5
242 342 3
242 350 2
242 367 5
242 385 5
242 401 3
242 403 1
242 410 3
242 436 5
242 449 5
242 452 5
242 482 3
242 508 3
242 546 1
242 554 5
242 559 1
242 569 1
242 572 1
242 576 2
242 578 2
242 591 3
242 628 3
242 635 5
242 636 3
242 672 3
242 684 5
242 685 3
242 695 3
242 710 4
242 746 5
242 769 5
242 780 5
242 800 1
242 810 4
242 834 1
242 873 2
242 943 3
242 975 4
243 12 4
243 271 3
243 309 2
243 313 4
243 340 3
243 343 3
243 358 3
243 644 4
243 678 3
243 687 1
244 9 4
244 50 5
244 100 4
244 245 3
244 251 4
244 258 4
244 275 4
244 748 3
244 751 3
244 906 3
244 912 2
244 916 3
245 7 4
245 9 1
245 23 5
245 28 4
245 50 5
245 55 5
245 64 4
245 79 5
245 87 1
245 100 4
245 117 1
245 118 1
245 121 5
245 123 5
245 127 4
245 144 2
245 147 5
245 150 4
245 174 1
245 181 4
245 195 4
245 203 1
245 204 4
245 208 3
245 209 5
245 221 3
245 235 4
245 237 5
245 245 3
245 246 4
245 248 3
245 273 5
245 276 4
245 291 1
245 293 4
245 295 5
245 310 4
245 313 3
245 324 3
245 325 3
245 330 3
245 333 3
245 340 3
245 346 4
245 405 1
245 408 3
245 410 2
245 460 2
245 475 5
245 479 4
245 480 3
245 504 2
245 544 4
245 591 3
245 595 3
245 597 3
245 603 3
245 628 5
245 644 3
245 689 3
245 742 2
245 744 5
245 748 4
245 762 5
245 763 4
245 818 1
245 823 4
245 829 2
245 831 5
245 840 1
245 844 1
245 845 2
245 881 2
245 886 3
245 895 3
245 908 1
245 919 4
245 959 5
245 979 5
246 268 4
246 269 4
246 270 4
246 288 3
246 292 4
246 294 3
246 301 4
246 302 4
246 303 4
246 326 1
246 327 3
246 328 3
246 332 3
246 334 3
246 359 1
246 688 5
246 690 3
246 754 4
246 883 5
246 887 1
246 888 3
247 1 4
247 5 3
247 7 4
247 9 4
247 11 4
247 17 3
247 27 3
247 28 4
247 31 4
247 55 4
247 56 4
247 65 4
247 68 3
247 69 4
247 70 3
247 89 4
247 91 3
247 96 4
247 98 4
247 100 5
247 111 3
247 117 4
247 123 3
247 135 4
247 144 4
247 147 4
247 148 3
247 150 4
247 151 4
247 153 4
247 156 4
247 157 4
247 158 3
247 174 5
247 176 4
247 180 4
247 183 4
247 204 4
247 206 4
247 209 4
247 218 4
247 222 4
247 227 3
247 231 2
247 233 3
247 234 4
247 248 4
247 252 3
247 260 2
247 281 3
247 284 3
247 286 4
247 288 3
247 290 3
247 293 3
247 298 3
247 300 4
247 367 3
247 405 3
247 410 3
247 435 5
247 447 4
247 469 4
247 470 4
247 483 5
247 484 5
247 498 4
247 544 3
247 546 3
247 559 3
247 582 4
247 591 4
247 597 3
247 629 4
247 642 4
247 678 3
247 742 4
247 748 3
247 760 2
247 815 3
247 823 3
247 845 3
247 866 3
247 926 3
247 963 4
247 981 2
248 262 3
248 268 5
248 269 5
248 271 4
248 286 3
248 292 3
248 301 4
248 303 3
248 305 3
248 307 4
248 319 5
248 321 2
248 327 3
248 333 4
248 338 3
248 340 2
248 344 3
248 750 4
248 884 1
248 896 1
248 900 5
248 902 2
249 9 4
249 15 4
249 59 5
249 60 5
249 61 4
249 100 5
249 117 4
249 118 3
249 122 1
249 127 4
249 137 4
249 170 5
249 171 4
249 179 4
249 212 3
249 224 4
249 248 4
249 251 4
249 269 4
249 273 4
249 276 4
249 285 4
249 286 4
249 288 4
249 291 3
249 293 4
249 310 4
249 337 1
249 381 4
249 410 3
249 459 4
249 473 3
249 546 3
249 558 3
249 742 4
249 748 3
249 753 5
249 763 3
249 936 5
249 983 2
250 1 4
250 2 3
250 3 3
250 4 3
250 7 5
250 10 5
250 12 5
250 13 4
250 15 3
250 26 3
250 28 4
250 29 5
250 35 1
250 38 5
250 39 1
250 49 3
250 51 4
250 54 3
250 56 3
250 58 2
250 60 5
250 64 4
250 65 4
250 66 1
250 67 5
250 70 5
250 71 4
250 73 3
250 77 4
250 79 4
250 80 3
250 81 4
250 82 4
250 83 4
250 86 5
250 87 4
250 88 2
250 89 5
250 90 1
250 92 2
250 94 4
250 95 3
250 97 3
250 98 4
250 99 4
250 100 4
250 101 5
250 110 1
250 112 2
250 114 4
250 117 3
250 121 3
250 123 2
250 125 4
250 126 4
250 127 4
250 131 2
250 132 4
250 133 3
250 134 5
250 135 5
250 136 4
250 139 3
250 141 5
250 142 3
250 143 4
250 144 5
250 145 3
250 152 4
250 153 4
250 154 3
250 155 5
250 157 1
250 158 3
250 161 4
250 162 4
250 163 3
250 164 5
250 166 5
250 167 4
250 168 5
250 169 4
250 173 4
250 174 5
250 176 5
250 177 5
250 179 5
250 180 5
250 182 4
250 183 4
250 185 4
250 187 5
250 191 4
250 192 3
250 193 1
250 194 4
250 195 4
250 196 3
250 197 5
250 199 4
250 200 4
250 202 5
250 203 5
250 204 4
250 205 3
250 207 5
250 208 4
250 210 4
250 211 4
250 215 4
250 216 3
250 218 4
250 222 4
250 223 5
250 225 1
250 226 5
250 227 5
250 229 5
250 231 2
250 233 4
250 237 3
250 238 4
250 239 4
250 241 1
250 245 5
250 252 3
250 254 3
250 258 3
250 264 4
250 265 4
250 269 3
250 270 1
250 272 4
250 274 5
250 275 4
250 277 1
250 278 5
250 280 5
250 281 1
250 282 5
250 283 1
250 288 4
250 290 3
250 292 4
250 294 3
250 299 5
250 300 3
250 301 3
250 302 4
250 304 5
250 305 3
250 310 3
250 311 3
250 312 2
250 313 2
250 315 1
250 316 5
250 328 2
250 332 4
250 340 4
250 354 5
250 357 4
250 367 3
250 371 5
250 373 3
250 378 1
250 380 1
250 381 2
250 382 3
250 383 1
250 384 3
250 385 4
250 387 1
250 393 4
250 395 2
250 396 1
250 400 1
250 401 1
250 402 4
250 414 4
250 416 1
250 417 1
250 418 4
250 419 5
250 421 5
250 422 4
250 428 4
250 431 5
250 432 4
250 433 3
250 434 4
250 435 4
250 443 5
250 448 1
250 451 5
250 455 5
250 462 4
250 465 2
250 467 3
250 469 3
250 470 2
250 471 5
250 472 2
250 474 4
250 476 2
250 477 4
250 478 5
250 479 5
250 480 4
250 481 5
250 482 4
250 483 5
250 484 4
250 487 5
250 488 5
250 490 4
250 491 5
250 493 4
250 494 4
250 495 2
250 496 4
250 497 5
250 499 4
250 500 4
250 502 4
250 503 1
250 505 5
250 506 3
250 507 4
250 509 4
250 510 3
250 511 4
250 514 5
250 518 2
250 520 2
250 523 4
250 525 5
250 526 5
250 527 3
250 528 4
250 530 4
250 535 3
250 549 5
250 550 5
250 553 5
250 557 4
250 558 3
250 559 5
250 561 3
250 566 4
250 568 4
250 570 2
250 582 5
250 583 5
250 589 1
250 591 5
250 602 5
250 604 4
250 606 5
250 607 2
250 608 3
250 609 5
250 610 1
250 611 2
250 612 4
250 613 4
250 614 1
250 618 3
250 620 3
250 622 4
250 629 4
250 630 5
250 631 2
250 632 4
250 633 4
250 637 3
250 642 1
250 647 3
250 648 1
250 650 4
250 651 5
250 655 3
250 657 4
250 659 4
250 660 5
250 661 4
250 663 3
250 673 5
250 679 5
250 685 3
250 686 3
250 689 3
250 692 4
250 693 4
250 700 2
250 704 3
250 705 5
250 707 3
250 708 5
250 709 5
250 710 3
250 712 1
250 714 4
250 715 1
250 716 1
250 717 4
250 723 3
250 727 3
250 728 2
250 729 4
250 731 4
250 735 3
250 736 3
250 742 5
250 747 1
250 748 3
250 751 3
250 761 1
250 762 5
250 765 4
250 771 2
250 774 2
250 775 3
250 778 4
250 783 5
250 785 1
250 790 5
250 792 3
250 794 4
250 801 3
250 807 1
250 815 5
250 821 1
250 823 3
250 832 3
250 837 4
250 842 3
250 845 4
250 846 5
250 847 5
250 865 5
250 869 3
250 873 1
250 878 2
250 900 4
250 902 3
250 904 3
250 905 3
250 908 1
250 921 5
250 923 3
250 926 2
250 928 2
250 934 1
250 936 5
250 939 5
250 940 2
250 942 5
250 951 4
250 956 1
250 965 5
250 966 5
250 967 4
250 969 2
251 242 5
251 243 5
251 259 1
251 260 1
251 262 1
251 268 5
251 269 4
251 270 4
251 286 5
251 288 3
251 289 5
251 292 1
251 294 5
251 299 5
251 300 4
251 301 5
251 303 4
251 305 5
251 307 1
251 308 1
251 319 4
251 322 4
251 323 2
251 325 1
251 327 3
251 328 4
251 329 5
251 330 5
251 331 5
251 332 2
251 333 3
251 336 4
251 337 5
251 359 1
251 360 2
251 457 1
251 680 5
251 681 5
251 682 5
251 687 1
251 749 2
251 872 2
251 874 1
251 875 5
251 877 5
251 879 4
251 880 2
251 881 1
251 882 1
251 883 1
251 884 1
251 937 5
251 938 2
251 984 2
251 989 2
251 991 1
251 995 1
252 7 4
252 8 5
252 14 4
252 22 5
252 25 5
252 27 4
252 45 5
252 48 5
252 52 4
252 58 4
252 60 1
252 61 5
252 62 4
252 64 5
252 66 5
252 69 3
252 70 3
252 73 3
252 86 3
252 88 4
252 89 4
252 96 4
252 97 4
252 99 1
252 111 2
252 121 4
252 124 1
252 127 5
252 132 2
252 134 5
252 135 4
252 136 3
252 143 4
252 152 3
252 154 4
252 156 4
252 161 3
252 162 4
252 163 3
252 168 1
252 170 4
252 171 5
252 173 3
252 174 5
252 180 1
252 181 3
252 183 5
252 185 2
252 186 2
252 187 3
252 188 5
252 191 2
252 194 5
252 195 4
252 197 5
252 201 3
252 202 1
252 203 4
252 204 5
252 207 4
252 212 5
252 216 5
252 234 5
252 237 4
252 243 1
252 245 3
252 259 2
252 269 4
252 276 4
252 286 4
252 294 3
252 318 1
252 371 3
252 384 5
252 404 4
252 418 1
252 419 4
252 420 5
252 423 4
252 427 3
252 430 1
252 432 1
252 435 4
252 443 5
252 455 3
252 458 3
252 461 4
252 462 1
252 465 4
252 467 4
252 472 3
252 479 1
252 482 3
252 483 4
252 485 1
252 488 3
252 491 2
252 492 4
252 494 4
252 495 3
252 496 5
252 498 3
252 502 4
252 506 3
252 510 4
252 513 3
252 517 3
252 518 2
252 521 2
252 523 5
252 526 1
252 530 5
252 531 5
252 554 4
252 576 5
252 588 4
252 597 4
252 603 5
252 609 2
252 614 3
252 615 4
252 624 1
252 631 5
252 636 5
252 641 5
252 648 4
252 654 4
252 659 3
252 660 4
252 684 5
252 729 5
252 736 4
252 780 1
252 781 4
252 792 3
252 805 2
252 815 3
252 863 4
252 874 3
252 924 3
252 947 3
252 969 4
252 971 3
253 3 4
253 4 4
253 7 4
253 9 4
253 11 4
253 12 5
253 17 3
253 22 4
253 24 4
253 33 5
253 42 4
253 48 4
253 49 4
253 50 4
253 53 4
253 59 4
253 68 4
253 69 4
253 73 3
253 79 4
253 80 3
253 93 4
253 94 4
253 97 4
253 98 4
253 100 4
253 117 4
253 122 2
253 125 4
253 132 4
253 143 4
253 154 4
253 156 4
253 157 4
253 158 3
253 164 4
253 168 4
253 172 4
253 174 5
253 181 4
253 186 4
253 188 3
253 196 4
253 204 4
253 210 4
253 231 3
253 233 3
253 238 4
253 239 4
253 246 4
253 248 4
253 254 2
253 258 4
253 268 4
253 276 4
253 288 4
253 298 4
253 318 4
253 354 4
253 356 3
253 357 4
253 364 2
253 367 3
253 369 2
253 384 3
253 385 4
253 393 4
253 401 3
253 402 4
253 410 3
253 412 3
253 416 3
253 421 3
253 423 4
253 424 2
253 427 4
253 456 1
253 471 3
253 475 4
253 476 2
253 496 4
253 508 3
253 509 4
253 515 5
253 550 5
253 552 3
253 566 4
253 568 4
253 578 5
253 586 1
253 591 4
253 628 3
253 651 4
253 655 5
253 684 4
253 693 4
253 697 3
253 717 3
253 721 3
253 742 4
253 871 2
253 959 3
253 963 5
253 975 4
254 1 4
254 11 4
254 12 5
254 15 3
254 22 4
254 28 3
254 50 4
254 51 4
254 55 3
254 56 4
254 58 4
254 66 3
254 69 3
254 70 4
254 73 3
254 76 4
254 77 3
254 79 4
254 82 3
254 87 4
254 88 3
254 89 4
254 96 4
254 97 4
254 98 4
254 99 3
254 100 4
254 107 5
254 114 5
254 117 3
254 118 3
254 121 3
254 124 5
254 131 4
254 133 4
254 134 5
254 136 4
254 143 3
254 144 3
254 153 3
254 161 3
254 162 4
254 164 4
254 169 4
254 172 4
254 173 4
254 174 5
254 181 4
254 182 4
254 185 4
254 191 4
254 195 4
254 196 4
254 197 5
254 199 4
254 202 3
254 203 4
254 204 4
254 210 3
254 211 5
254 215 4
254 222 4
254 228 3
254 234 3
254 237 4
254 245 4
254 248 4
254 250 4
254 255 1
254 257 4
254 258 4
254 259 2
254 260 2
254 270 5
254 272 3
254 277 4
254 279 5
254 286 4
254 289 3
254 293 4
254 300 3
254 310 4
254 315 3
254 316 5
254 317 4
254 318 5
254 322 1
254 323 3
254 326 1
254 356 4
254 357 4
254 378 1
254 385 3
254 392 1
254 414 4
254 418 3
254 419 1
254 423 3
254 427 5
254 431 4
254 434 4
254 435 4
254 451 2
254 465 5
254 468 3
254 474 4
254 478 4
254 479 4
254 482 4
254 483 5
254 484 4
254 485 4
254 487 4
254 490 4
254 492 4
254 493 4
254 496 4
254 497 4
254 507 5
254 509 4
254 519 4
254 520 4
254 526 5
254 528 4
254 531 4
254 566 4
254 568 4
254 603 4
254 605 3
254 607 4
254 610 4
254 612 1
254 614 4
254 627 3
254 631 4
254 633 4
254 642 4
254 649 2
254 651 4
254 654 4
254 655 4
254 657 4
254 659 4
254 660 5
254 661 4
254 678 2
254 685 2
254 686 4
254 692 3
254 693 4
254 694 5
254 705 4
254 707 4
254 724 4
254 735 4
254 736 4
254 740 3
254 742 3
254 746 4
254 836 5
254 837 4
254 842 5
254 873 1
254 875 1
254 879 3
254 939 4
254 945 5
254 956 4
254 968 1
255 1 4
255 2 3
255 4 4
255 7 4
255 8 3
255 9 4
255 12 1
255 14 3
255 17 5
255 20 3
255 24 1
255 25 3
255 31 4
255 39 3
255 40 5
255 42 5
255 44 5
255 47 5
255 53 1
255 56 5
255 57 1
255 58 5
255 64 5
255 69 5
255 70 5
255 71 4
255 87 4
255 95 3
255 96 5
255 97 5
255 98 5
255 100 5
255 118 1
255 123 1
255 125 5
255 126 5
255 127 5
255 135 5
255 148 4
255 161 5
255 170 5
255 174 5
255 176 4
255 191 4
255 196 5
255 197 5
255 204 2
255 214 1
255 217 1
255 222 1
255 223 4
255 228 4
255 234 5
255 237 3
255 241 4
255 245 4
255 252 4
255 255 4
255 257 3
255 265 4
255 270 3
255 275 4
255 276 4
255 277 4
255 279 1
255 281 5
255 282 1
255 288 4
255 289 1
255 291 2
255 292 5
255 293 5
255 300 4
255 301 1
255 304 5
255 307 4
255 313 5
255 317 5
255 318 3
255 321 5
255 323 1
255 334 5
255 343 1
255 380 1
255 382 5
255 393 5
255 402 2
255 405 5
255 423 1
255 428 4
255 447 5
255 455 2
255 462 1
255 465 1
255 471 5
255 475 3
255 504 5
255 508 3
255 511 5
255 515 5
255 518 2
255 529 4
255 531 4
255 582 5
255 584 3
255 591 4
255 597 2
255 627 5
255 628 5
255 629 1
255 647 4
255 660 4
255 678 5
255 692 5
255 694 3
255 709 5
255 724 2
255 727 5
255 738 3
255 747 4
255 755 2
255 778 3
255 898 2
255 934 4
255 939 4
256 1 4
256 3 3
256 4 4
256 9 4
256 12 4
256 13 3
256 22 4
256 23 4
256 32 4
256 42 3
256 46 4
256 50 5
256 53 4
256 54 3
256 57 4
256 60 4
256 61 4
256 68 3
256 69 4
256 71 4
256 79 4
256 80 3
256 86 4
256 91 3
256 92 4
256 95 4
256 97 4
256 100 4
256 101 3
256 111 4
256 121 4
256 125 4
256 127 4
256 133 4
256 135 4
256 143 4
256 161 4
256 168 4
256 170 4
256 172 4
256 174 4
256 175 4
256 177 4
256 179 4
256 181 4
256 182 4
256 185 4
256 186 4
256 187 4
256 188 4
256 194 4
256 196 4
256 197 4
256 200 4
256 202 4
256 210 4
256 211 4
256 218 4
256 222 4
256 226 4
256 228 4
256 231 3
256 232 3
256 234 4
256 238 4
256 268 4
256 273 4
256 274 4
256 282 4
256 286 4
256 294 4
256 325 4
256 346 2
256 357 4
256 366 4
256 369 2
256 380 4
256 403 4
256 410 3
256 414 4
256 419 4
256 421 4
256 423 4
256 427 5
256 431 4
256 432 4
256 433 4
256 443 4
256 448 4
256 449 4
256 452 3
256 460 2
256 461 4
256 462 4
256 474 4
256 475 4
256 479 5
256 484 5
256 490 4
256 498 4
256 505 4
256 506 4
256 508 4
256 523 4
256 546 3
256 559 3
256 568 4
256 578 5
256 581 4
256 582 3
256 603 4
256 608 5
256 616 3
256 640 3
256 655 4
256 658 4
256 660 4
256 662 4
256 672 4
256 673 4
256 693 4
256 696 3
256 708 3
256 710 3
256 715 2
256 720 4
256 721 3
256 737 2
256 743 2
256 763 3
256 789 4
256 806 4
256 818 3
256 845 4
256 864 2
256 919 4
256 922 5
256 933 2
256 943 4
256 955 4
256 959 4
256 963 4
256 979 3
256 985 3
257 4 1
257 7 4
257 8 1
257 9 3
257 11 3
257 12 5
257 14 4
257 15 5
257 20 5
257 27 3
257 31 4
257 38 4
257 44 5
257 45 1
257 48 4
257 50 5
257 51 1
257 52 4
257 53 2
257 54 2
257 56 3
257 57 5
257 58 5
257 59 5
257 62 3
257 64 4
257 65 1
257 66 3
257 70 2
257 77 5
257 79 4
257 82 5
257 83 5
257 86 4
257 89 5
257 91 4
257 94 3
257 96 5
257 97 5
257 100 5
257 105 3
257 114 4
257 117 4
257 118 2
257 122 2
257 127 5
257 132 4
257 134 5
257 137 4
257 143 4
257 144 5
257 148 2
257 151 4
257 155 1
257 156 1
257 157 3
257 161 5
257 162 3
257 164 5
257 168 5
257 172 4
257 173 5
257 174 4
257 176 4
257 180 4
257 181 5
257 182 5
257 183 5
257 185 5
257 186 4
257 190 1
257 191 4
257 192 4
257 193 3
257 194 3
257 195 5
257 196 5
257 197 4
257 200 5
257 203 3
257 204 5
257 209 3
257 214 5
257 215 3
257 216 3
257 218 1
257 219 4
257 226 1
257 229 4
257 230 4
257 231 3
257 232 3
257 234 5
257 235 3
257 237 4
257 239 3
257 240 2
257 241 5
257 243 1
257 248 3
257 257 5
257 258 3
257 265 2
257 282 2
257 285 5
257 288 2
257 304 2
257 318 4
257 357 5
257 366 3
257 370 1
257 372 4
257 373 5
257 378 5
257 380 4
257 385 3
257 393 3
257 395 2
257 401 3
257 402 1
257 403 3
257 405 3
257 410 4
257 411 3
257 412 2
257 417 3
257 425 3
257 428 5
257 436 4
257 443 5
257 448 3
257 450 1
257 452 1
257 453 1
257 455 2
257 456 2
257 458 5
257 462 4
257 469 4
257 470 1
257 471 4
257 472 3
257 473 3
257 474 5
257 476 2
257 483 4
257 500 4
257 507 4
257 509 4
257 527 5
257 529 3
257 531 5
257 540 4
257 546 3
257 549 1
257 553 5
257 559 1
257 566 3
257 568 1
257 582 3
257 584 1
257 588 2
257 597 2
257 623 3
257 628 4
257 629 5
257 631 3
257 632 4
257 636 3
257 640 1
257 651 5
257 655 3
257 658 3
257 664 3
257 673 4
257 679 3
257 692 3
257 699 5
257 704 2
257 708 1
257 709 4
257 717 4
257 720 5
257 722 3
257 727 5
257 729 4
257 732 3
257 739 3
257 742 3
257 744 3
257 747 4
257 755 4
257 756 2
257 758 2
257 769 5
257 770 3
257 775 3
257 783 3
257 792 3
257 819 4
257 825 3
257 841 1
257 845 3
257 871 3
257 931 2
257 934 2
257 948 2
257 949 4
257 959 3
257 980 2
258 8 4
258 9 5
258 12 4
258 13 5
258 14 1
258 20 4
258 23 3
258 25 3
258 28 3
258 32 1
258 48 5
258 50 4
258 57 1
258 58 3
258 86 3
258 96 5
258 98 5
258 117 5
258 121 4
258 124 3
258 126 5
258 127 5
258 129 4
258 134 3
258 143 5
258 144 1
258 147 1
258 152 4
258 169 5
258 174 5
258 178 4
258 179 5
258 180 5
258 181 5
258 182 3
258 183 2
258 189 5
258 190 2
258 191 3
258 192 5
258 193 4
258 195 3
258 203 4
258 208 4
258 209 5
258 234 4
258 237 4
258 238 3
258 245 4
258 250 4
258 255 3
258 273 4
258 278 3
258 282 5
258 283 2
258 284 3
258 285 5
258 286 4
258 287 2
258 288 3
258 293 4
258 298 5
258 301 4
258 304 5
258 307 3
258 317 4
258 318 4
258 319 3
258 321 3
258 330 4
258 333 3
258 346 3
258 357 5
258 387 1
258 405 4
258 408 5
258 410 1
258 423 3
258 425 3
258 427 4
258 430 4
258 467 5
258 469 1
258 473 2
258 474 4
258 496 5
258 509 2
258 514 4
258 517 1
258 521 1
258 526 4
258 529 4
258 530 3
258 546 3
258 582 5
258 588 4
258 589 2
258 591 5
258 597 5
258 603 4
258 632 1
258 644 4
258 648 4
258 651 4
258 654 5
258 663 4
258 685 5
258 694 5
258 696 3
258 704 3
258 709 4
258 717 1
258 736 3
258 742 2
258 750 4
258 753 4
258 792 3
258 844 3
258 847 5
258 896 3
258 925 5
258 939 3
258 952 4
258 956 4
258 980 1
259 1 1
259 3 4
259 7 5
259 8 4
259 15 2
259 16 1
259 19 1
259 22 5
259 25 5
259 100 3
259 108 2
259 111 4
259 117 3
259 120 2
259 121 4
259 123 5
259 134 5
259 147 5
259 148 2
259 164 4
259 172 4
259 174 5
259 181 4
259 194 4
259 216 4
259 220 1
259 222 5
259 225 2
259 230 4
259 245 2
259 249 5
259 250 1
259 255 4
259 258 4
259 264 3
259 278 3
259 282 5
259 286 5
259 289 3
259 291 1
259 295 4
259 300 4
259 301 3
259 322 2
259 323 3
259 328 3
259 332 3
259 333 4
259 336 2
259 357 4
259 358 3
259 411 4
259 472 1
259 473 3
259 523 5
259 546 4
259 568 4
259 596 4
259 597 5
259 651 5
259 676 1
259 678 3
259 685 4
259 687 2
259 742 3
259 748 2
259 815 2
259 825 5
259 827 4
259 832 1
259 846 4
259 864 1
259 866 5
259 873 1
259 879 3
259 934 3
259 969 3
259 978 1
259 989 1
260 1 4
260 7 4
260 10 5
260 14 4
260 20 3
260 117 4
260 127 4
260 129 2
260 146 1
260 221 4
260 224 1
260 242 5
260 248 4
260 250 3
260 253 4
260 257 4
260 258 4
260 273 4
260 275 3
260 276 3
260 279 4
260 286 4
260 289 3
260 294 3
260 297 3
260 301 3
260 302 4
260 303 4
260 307 3
260 311 4
260 322 3
260 327 3
260 458 1
260 515 4
260 532 4
260 591 4
260 676 5
260 713 4
260 744 5
261 121 3
261 158 5
261 242 4
261 255 3
261 269 1
261 285 1
261 302 3
261 304 5
261 319 3
261 347 5
261 682 1
262 11 4
262 22 5
262 100 4
262 136 3
262 237 4
262 259 2
262 271 3
262 288 3
262 289 3
262 292 3
262 300 4
262 313 4
262 321 2
262 332 2
262 358 3
262 678 2
262 682 2
262 866 4
262 895 2
263 3 3
263 7 3
263 10 5
263 14 1
263 15 3
263 20 3
263 24 3
263 50 5
263 93 1
263 100 4
263 103 1
263 107 5
263 112 2
263 116 3
263 117 4
263 121 4
263 124 3
263 126 3
263 127 5
263 137 5
263 147 4
263 149 3
263 150 5
263 151 1
263 221 2
263 224 1
263 225 3
263 235 3
263 242 5
263 243 3
263 244 4
263 248 4
263 249 4
263 250 4
263 253 4
263 257 4
263 258 4
263 268 4
263 270 1
263 274 4
263 282 4
263 283 1
263 284 4
263 285 5
263 288 4
263 301 3
263 304 4
263 306 2
263 311 1
263 319 4
263 347 1
263 362 2
263 455 3
263 472 3
263 473 2
263 475 1
263 477 1
263 508 5
263 544 3
263 593 4
263 596 3
263 597 3
263 689 3
263 741 1
263 744 5
263 751 4
263 819 3
263 845 5
263 864 2
263 870 2
263 880 3
263 887 4
263 926 5
263 930 2
263 950 1
263 952 5
263 988 1
263 993 4
264 16 4
264 116 4
264 176 4
264 181 4
264 194 4
264 248 3
264 258 4
264 260 3
264 269 4
264 286 4
264 289 3
264 293 4
264 298 3
264 300 4
264 301 4
264 321 3
264 322 3
264 328 3
264 333 4
264 358 3
264 482 4
264 603 4
264 678 3
264 705 4
264 709 4
264 748 3
264 879 3
265 1 3
265 7 4
265 8 5
265 12 5
265 22 2
265 28 3
265 32 5
265 56 5
265 64 5
265 87 4
265 97 4
265 100 4
265 109 3
265 114 5
265 132 4
265 134 4
265 136 2
265 143 2
265 154 4
265 169 5
265 172 4
265 174 4
265 175 5
265 179 5
265 180 4
265 181 4
265 190 4
265 191 5
265 194 5
265 198 5
265 199 5
265 202 5
265 257 4
265 258 4
265 283 4
265 286 3
265 300 4
265 318 4
265 319 3
265 395 3
265 404 5
265 423 5
265 428 4
265 474 5
265 475 4
265 478 5
265 481 4
265 496 1
265 529 4
265 584 3
265 588 4
265 603 4
265 615 1
265 638 3
265 651 5
265 656 5
265 705 5
265 855 5
266 2 3
266 11 1
266 22 5
266 24 2
266 27 4
266 50 5
266 55 1
266 56 5
266 62 3
266 79 5
266 87 4
266 89 3
266 95 4
266 96 4
266 98 5
266 117 2
266 127 5
266 128 1
266 144 5
266 174 4
266 181 5
266 182 3
266 183 4
266 184 1
266 187 4
266 188 3
266 210 5
266 231 3
266 232 3
266 258 1
266 265 5
266 268 3
266 269 5
266 273 2
266 288 2
266 292 4
266 294 1
266 302 2
266 306 3
266 308 4
266 313 5
266 315 3
266 321 3
266 324 5
266 326 3
266 327 2
266 328 3
266 331 4
266 333 3
266 334 3
266 346 4
266 349 2
266 350 3
266 354 3
266 357 1
266 385 3
266 405 3
266 455 5
266 518 4
266 546 3
266 550 3
266 566 4
266 568 3
266 651 4
266 682 1
266 748 2
266 873 2
266 882 3
266 885 1
266 898 5
266 902 3
266 908 1
266 995 3
267 7 4
267 10 5
267 24 2
267 50 4
267 93 3
267 100 4
267 108 5
267 109 3
267 150 2
267 240 3
267 246 4
267 248 5
267 249 3
267 264 3
267 268 3
267 269 4
267 273 4
267 276 4
267 298 3
267 327 4
267 340 4
267 455 3
267 475 5
267 742 1
267 762 4
267 919 5
268 1 4
268 4 4
268 7 4
268 8 4
268 13 3
268 15 4
268 19 5
268 22 4
268 23 4
268 25 4
268 31 4
268 39 4
268 42 4
268 47 3
268 51 4
268 56 4
268 58 4
268 69 4
268 70 4
268 71 4
268 95 4
268 96 4
268 97 4
268 98 4
268 100 5
268 111 4
268 116 5
268 118 3
268 121 4
268 126 5
268 132 4
268 137 4
268 144 4
268 150 5
268 153 4
268 157 5
268 159 3
268 160 4
268 170 5
268 172 5
268 173 4
268 178 5
268 180 4
268 181 4
268 182 4
268 191 5
268 192 4
268 195 4
268 200 4
268 209 4
268 214 3
268 216 4
268 222 4
268 238 4
268 246 4
268 251 5
268 257 4
268 258 4
268 273 4
268 283 4
268 285 5
268 293 3
268 294 4
268 297 4
268 318 5
268 321 5
268 357 4
268 367 4
268 377 1
268 405 4
268 411 3
268 423 4
268 427 4
268 428 4
268 435 4
268 462 4
268 469 4
268 471 4
268 475 4
268 498 5
268 507 4
268 529 5
268 544 2
268 582 4
268 603 4
268 612 5
268 642 4
268 655 4
268 662 4
268 692 4
268 699 4
268 724 4
268 742 4
268 826 3
268 856 5
268 926 2
268 952 5
269 64 5
269 65 4
269 127 4
269 134 4
269 136 4
269 153 4
269 194 4
269 199 4
269 215 4
269 286 4
269 306 3
269 483 5
269 484 5
269 490 4
269 495 4
269 507 4
269 511 4
269 520 4
269 530 4
269 582 4
269 605 3
269 610 4
269 611 4
269 641 5
269 654 4
269 656 4
269 705 4
269 855 4
269 923 4
270 1 4
270 7 4
270 9 3
270 13 5
270 19 5
270 50 5
270 93 3
270 100 5
270 118 3
270 125 4
270 150 4
270 181 5
270 221 1
270 235 3
270 248 4
270 257 4
270 258 4
270 276 4
270 283 1
270 284 3
270 285 4
270 286 3
270 293 3
270 294 3
270 295 4
270 360 3
270 458 2
270 471 5
270 475 3
270 508 4
270 544 3
270 546 4
270 813 2
270 824 2
270 919 3
270 950 3
270 952 3
271 1 4
271 8 4
271 50 5
271 94 3
271 95 4
271 99 4
271 140 3
271 225 3
271 404 4
271 418 4
271 477 4
271 501 4
271 596 3
271 768 3
271 878 1
271 932 3
271 969 3
272 1 4
272 2 3
272 3 1
272 4 3
272 7 4
272 11 4
272 12 5
272 21 3
272 24 2
272 27 5
272 28 3
272 29 3
272 33 4
272 38 4
272 41 3
272 43 3
272 49 2
272 51 3
272 56 2
272 63 4
272 64 4
272 66 4
272 68 1
272 69 4
272 71 4
272 72 5
272 73 5
272 78 1
272 79 4
272 80 5
272 82 5
272 88 4
272 90 5
272 94 3
272 97 5
272 99 2
272 101 3
272 109 3
272 117 4
272 118 4
272 120 2
272 121 4
272 122 2
272 123 4
272 132 5
272 135 3
272 141 4
272 151 3
272 161 4
272 168 4
272 172 5
272 173 5
272 174 5
272 175 3
272 177 5
272 181 5
272 183 4
272 185 2
272 186 4
272 193 4
272 195 5
272 196 4
272 204 5
272 210 5
272 215 4
272 217 3
272 218 2
272 226 4
272 228 4
272 229 5
272 232 4
272 233 4
272 234 5
272 239 4
272 240 2
272 250 3
272 254 2
272 255 3
272 258 4
272 260 2
272 271 3
272 288 3
272 313 5
272 318 5
272 323 3
272 343 4
272 355 1
272 358 3
272 362 3
272 365 4
272 368 1
272 370 3
272 373 3
272 374 4
272 375 2
272 378 5
272 380 2
272 384 2
272 386 2
272 391 2
272 392 3
272 393 4
272 395 3
272 400 1
272 401 3
272 404 3
272 411 3
272 416 3
272 417 2
272 418 2
272 431 2
272 443 1
272 449 4
272 465 3
272 473 3
272 475 3
272 477 2
272 485 4
272 496 5
272 501 4
272 541 1
272 546 3
272 548 2
272 550 4
272 552 1
272 559 3
272 561 1
272 562 3
272 567 2
272 568 4
272 569 3
272 576 4
272 577 3
272 578 3
272 584 3
272 588 4
272 597 3
272 609 4
272 625 5
272 633 1
272 655 1
272 665 2
272 672 1
272 685 3
272 689 4
272 715 2
272 720 3
272 739 1
272 742 4
272 743 3
272 746 4
272 747 1
272 751 4
272 755 5
272 756 3
272 758 2
272 760 2
272 763 2
272 768 3
272 771 3
272 780 2
272 790 5
272 796 3
272 810 3
272 826 2
272 834 2
272 877 3
272 890 1
272 895 3
272 924 5
272 928 1
272 930 3
272 931 4
272 940 2
272 946 3
272 951 1
272 977 2
273 7 4
273 9 4
273 10 3
273 14 4
273 25 2
273 116 4
273 124 1
273 129 5
273 137 5
273 242 5
273 257 2
273 275 3
273 276 5
273 293 4
273 302 5
273 303 5
273 319 5
273 327 3
273 547 3
273 813 5
274 7 4
274 8 4
274 11 5
274 12 4
274 13 3
274 14 4
274 15 4
274 22 5
274 23 4
274 26 4
274 42 3
274 44 4
274 45 4
274 48 3
274 50 4
274 52 4
274 58 4
274 60 4
274 61 4
274 64 5
274 66 4
274 68 4
274 69 4
274 70 4
274 71 4
274 72 4
274 73 4
274 76 3
274 77 4
274 79 4
274 83 4
274 86 4
274 87 4
274 88 4
274 89 4
274 92 4
274 97 4
274 98 4
274 99 4
274 100 4
274 107 4
274 116 4
274 117 4
274 121 3
274 131 4
274 132 4
274 134 4
274 135 4
274 136 4
274 141 4
274 150 4
274 161 4
274 168 4
274 170 4
274 171 4
274 172 5
274 173 4
274 175 4
274 176 4
274 178 4
274 179 4
274 180 4
274 181 4
274 182 4
274 183 4
274 191 4
274 192 5
274 193 4
274 194 4
274 195 4
274 196 4
274 198 4
274 203 4
274 205 4
274 207 4
274 208 4
274 210 4
274 211 4
274 212 3
274 215 4
274 216 4
274 218 4
274 221 4
274 227 4
274 230 3
274 234 4
274 237 4
274 238 4
274 244 3
274 248 3
274 252 3
274 257 4
274 258 4
274 265 4
274 274 4
274 275 4
274 276 4
274 282 3
274 283 4
274 285 4
274 288 3
274 289 3
274 291 3
274 293 4
274 298 4
274 302 4
274 313 4
274 315 4
274 316 4
274 317 4
274 322 3
274 326 3
274 346 3
274 356 4
274 380 4
274 382 4
274 385 4
274 410 3
274 414 4
274 416 5
274 418 4
274 419 3
274 430 4
274 434 4
274 435 4
274 436 4
274 461 4
274 462 4
274 463 4
274 470 3
274 474 4
274 475 4
274 478 4
274 480 4
274 481 4
274 483 5
274 484 5
274 486 4
274 488 4
274 489 4
274 490 5
274 491 4
274 493 5
274 495 4
274 496 4
274 497 4
274 498 5
274 499 4
274 503 3
274 506 4
274 507 4
274 508 4
274 511 4
274 513 4
274 514 4
274 517 4
274 518 3
274 519 4
274 520 5
274 521 4
274 525 5
274 526 4
274 527 4
274 528 4
274 529 4
274 530 4
274 553 3
274 566 4
274 584 3
274 591 4
274 601 5
274 602 4
274 603 4
274 604 4
274 605 3
274 607 4
274 610 4
274 614 4
274 615 4
274 618 4
274 628 3
274 633 4
274 641 5
274 642 4
274 646 4
274 648 4
274 649 4
274 651 4
274 653 4
274 657 4
274 659 4
274 660 4
274 661 5
274 664 4
274 676 3
274 684 4
274 685 4
274 692 4
274 696 3
274 697 4
274 699 4
274 705 4
274 707 4
274 708 3
274 709 5
274 735 4
274 736 4
274 744 3
274 756 3
274 789 4
274 792 4
274 836 4
274 848 5
274 921 4
274 923 4
274 939 4
274 943 3
274 945 4
274 963 4
274 966 4
274 971 4
274 996 2
275 70 3
275 100 4
275 127 4
275 259 2
275 286 3
275 313 4
275 381 4
276 4 4
276 26 4
276 33 4
276 56 4
276 63 3
276 67 3
276 72 3
276 73 3
276 80 3
276 83 4
276 88 3
276 168 4
276 173 4
276 175 4
276 186 4
276 202 4
276 204 4
276 209 4
276 211 4
276 216 4
276 232 3
276 238 4
276 239 4
276 288 3
276 294 3
276 300 4
276 328 3
276 343 2
276 367 4
276 386 3
276 435 4
276 579 4
276 648 4
276 655 4
276 692 4
276 710 3
276 712 3
276 715 3
276 734 3
276 738 3
276 748 3
276 765 4
276 781 3
276 790 3
276 792 4
276 890 3
276 944 3
276 999 4
277 20 5
277 25 3
277 36 3
277 49 3
277 88 4
277 90 2
277 237 4
277 255 1
277 282 4
277 289 1
277 294 3
277 369 2
277 553 3
277 709 5
277 722 3
277 731 3
277 732 4
277 756 2
277 781 3
277 846 2
278 1 5
278 7 4
278 17 3
278 23 5
278 26 4
278 28 4
278 40 5
278 42 4
278 48 4
278 50 5
278 65 4
278 69 4
278 72 3
278 77 4
278 79 4
278 81 4
278 93 3
278 98 4
278 111 4
278 122 1
278 134 4
278 143 5
278 145 3
278 151 4
278 160 2
278 161 4
278 188 4
278 196 4
278 216 4
278 218 4
278 219 3
278 222 4
278 231 2
278 237 4
278 238 4
278 255 3
278 276 3
278 282 4
278 288 4
278 300 3
278 318 5
278 327 3
278 340 4
278 350 3
278 354 3
278 357 5
278 367 3
278 369 5
278 381 4
278 392 4
278 403 3
278 410 3
278 412 1
278 427 4
278 447 4
278 451 4
278 467 4
278 469 3
278 518 4
278 568 4
278 591 4
278 604 4
278 616 4
278 655 4
278 658 3
278 673 4
278 684 4
278 743 3
278 763 5
278 843 1
278 866 4
278 959 5
278 975 4
279 1 4
279 8 5
279 24 3
279 28 4
279 31 4
279 50 4
279 54 5
279 55 4
279 58 4
279 66 4
279 70 4
279 71 4
279 79 4
279 82 4
279 88 4
279 89 4
279 95 4
279 96 4
279 97 4
279 100 4
279 101 1
279 108 1
279 111 4
279 117 4
279 118 3
279 121 4
279 122 2
279 127 4
279 133 4
279 135 4
279 144 4
279 147 5
279 148 3
279 153 4
279 161 4
279 164 5
279 168 4
279 172 4
279 173 4
279 174 5
279 175 4
279 176 4
279 177 4
279 179 4
279 180 4
279 181 5
279 182 4
279 183 5
279 185 4
279 187 5
279 188 3
279 189 5
279 190 4
279 195 4
279 197 5
279 198 5
279 201 3
279 204 4
279 209 4
279 210 4
279 211 4
279 213 5
279 215 4
279 216 4
279 228 4
279 230 4
279 241 4
279 248 5
279 249 4
279 255 2
279 257 3
279 258 4
279 261 4
279 264 1
279 265 4
279 266 2
279 270 3
279 272 5
279 274 3
279 281 4
279 282 5
279 286 4
279 288 4
279 294 4
279 295 4
279 298 4
279 300 4
279 304 5
279 325 1
279 328 4
279 356 4
279 358 4
279 380 5
279 385 4
279 398 3
279 405 3
279 421 5
279 422 5
279 423 5
279 436 4
279 455 3
279 463 4
279 472 3
279 479 5
279 483 4
279 489 5
279 510 5
279 511 4
279 523 4
279 526 4
279 528 4
279 535 4
279 546 3
279 566 4
279 588 4
279 602 5
279 604 5
279 616 5
279 629 4
279 632 3
279 640 2
279 651 5
279 655 4
279 680 5
279 688 1
279 692 4
279 727 4
279 732 4
279 739 3
279 748 3
279 751 1
279 752 3
279 840 5
279 879 3
279 931 2
279 945 5
280 8 4
280 12 5
280 64 5
280 89 4
280 96 4
280 100 5
280 114 4
280 127 4
280 165 5
280 172 4
280 174 4
280 175 3
280 183 4
280 190 5
280 191 5
280 213 3
280 234 4
280 237 4
280 257 4
280 258 4
280 265 5
280 272 4
280 298 4
280 347 3
280 462 3
280 479 4
280 483 4
280 504 4
280 510 5
280 511 5
280 517 5
280 603 5
280 615 4
280 642 3
280 661 5
280 705 4
280 863 4
281 4 4
281 42 4
281 50 4
281 66 4
281 70 3
281 86 4
281 100 5
281 153 4
281 163 3
281 173 4
281 190 4
281 197 4
281 204 4
281 207 5
281 210 4
281 216 4
281 283 4
281 313 4
281 318 4
281 322 3
281 367 3
281 427 4
281 430 4
281 479 4
281 484 5
281 505 4
281 507 4
281 524 3
281 648 4
281 650 3
281 659 3
281 678 3
281 692 4
281 780 3
282 127 4
282 257 4
282 269 4
282 288 3
282 295 4
282 298 3
282 311 2
282 315 4
282 346 3
282 876 1
282 881 3
282 988 2
283 1 4
283 12 5
283 20 4
283 99 4
283 107 4
283 109 3
283 116 4
283 121 4
283 151 4
283 180 4
283 195 4
283 197 4
283 199 4
283 229 3
283 230 3
283 250 3
283 257 4
283 270 4
283 271 3
283 274 3
283 275 4
283 277 4
283 286 4
283 290 3
283 313 4
283 318 4
283 365 2
283 380 3
283 405 3
283 449 3
283 450 2
283 462 4
283 480 4
283 538 3
283 582 4
283 612 4
283 743 1
283 900 4
284 1 4
284 7 4
284 9 4
284 15 4
284 24 3
284 25 3
284 28 4
284 29 3
284 50 5
284 51 4
284 53 3
284 56 4
284 69 4
284 70 4
284 71 4
284 73 4
284 79 4
284 82 4
284 94 4
284 96 4
284 97 4
284 98 4
284 111 4
284 122 2
284 135 4
284 136 4
284 141 4
284 143 4
284 144 4
284 150 4
284 151 4
284 168 4
284 173 4
284 174 5
284 181 4
284 195 4
284 202 4
284 204 4
284 216 4
284 222 4
284 227 3
284 229 3
284 234 4
284 235 2
284 237 4
284 248 4
284 250 4
284 252 3
284 255 4
284 257 4
284 258 4
284 274 3
284 275 4
284 293 5
284 294 3
284 300 4
284 313 4
284 315 4
284 318 4
284 343 3
284 385 4
284 392 4
284 399 3
284 405 3
284 419 4
284 422 3
284 427 4
284 431 3
284 449 3
284 451 4
284 463 4
284 472 3
284 510 4
284 550 4
284 554 3
284 560 3
284 562 3
284 568 4
284 578 3
284 588 4
284 597 3
284 625 3
284 651 4
284 655 4
284 665 3
284 679 3
284 692 4
284 699 4
284 746 4
284 778 3
284 823 4
284 829 2
284 849 2
284 879 2
284 924 3
284 926 3
285 288 3
285 289 3
285 303 4
285 307 3
285 313 5
285 319 3
285 321 3
285 326 3
285 330 1
285 347 4
285 748 3
286 1 4
286 3 3
286 7 4
286 10 1
286 13 5
286 14 5
286 15 4
286 93 5
286 109 4
286 111 3
286 121 3
286 123 4
286 124 5
286 125 3
286 127 5
286 129 4
286 137 5
286 146 5
286 147 5
286 150 4
286 151 3
286 181 4
286 220 5
286 221 5
286 235 1
286 236 3
286 237 4
286 245 3
286 248 5
286 250 4
286 255 3
286 257 4
286 258 4
286 262 5
286 264 1
286 270 4
286 273 4
286 275 5
286 276 4
286 277 1
286 280 5
286 282 4
286 284 3
286 285 5
286 286 4
286 287 5
286 295 4
286 298 4
286 299 3
286 300 4
286 305 5
286 319 2
286 321 4
286 322 4
286 327 4
286 331 4
286 332 4
286 333 4
286 460 1
286 471 4
286 475 4
286 476 2
286 508 4
286 591 4
286 595 3
286 597 3
286 620 3
286 628 2
286 678 3
286 689 3
286 690 3
286 696 5
286 717 4
286 718 2
286 742 4
286 748 3
286 762 4
286 766 2
286 818 2
286 823 3
286 846 5
286 864 2
286 872 1
286 874 5
286 879 5
286 880 1
286 882 1
286 886 5
286 887 1
286 924 5
286 935 3
286 936 5
286 975 5
286 994 2
286 995 5
287 1 4
287 2 4
287 3 3
287 4 4
287 12 4
287 17 3
287 25 3
287 28 4
287 31 4
287 38 3
287 42 4
287 43 3
287 45 4
287 48 4
287 49 3
287 50 4
287 55 4
287 58 4
287 66 4
287 68 3
287 69 4
287 71 4
287 73 3
287 76 4
287 77 3
287 79 4
287 81 4
287 82 4
287 87 4
287 88 4
287 92 4
287 95 4
287 96 4
287 97 4
287 99 4
287 100 4
287 111 3
287 117 4
287 121 4
287 125 4
287 128 2
287 133 4
287 136 4
287 140 3
287 143 4
287 144 4
287 150 4
287 160 4
287 161 4
287 172 4
287 174 4
287 176 4
287 179 4
287 181 4
287 183 4
287 188 4
287 191 4
287 194 4
287 195 4
287 196 4
287 202 4
287 206 3
287 215 4
287 216 4
287 218 4
287 222 4
287 226 3
287 227 3
287 230 3
287 232 3
287 237 4
287 239 4
287 249 3
287 252 3
287 255 3
287 257 4
287 258 4
287 259 2
287 260 2
287 265 4
287 270 4
287 272 4
287 273 4
287 276 4
287 280 3
287 282 4
287 286 4
287 288 3
287 289 3
287 293 4
287 294 3
287 298 3
287 300 4
287 318 4
287 333 3
287 347 4
287 356 4
287 366 4
287 367 4
287 378 4
287 402 4
287 411 3
287 412 2
287 423 4
287 432 4
287 455 3
287 462 4
287 470 3
287 471 4
287 474 4
287 501 4
287 540 3
287 541 1
287 546 3
287 549 4
287 550 4
287 566 4
287 572 4
287 578 3
287 588 4
287 591 4
287 596 3
287 597 3
287 620 3
287 627 3
287 628 4
287 651 4
287 652 4
287 658 4
287 672 3
287 679 3
287 684 4
287 685 3
287 686 4
287 692 4
287 710 3
287 713 4
287 727 3
287 732 4
287 735 4
287 739 4
287 742 4
287 747 4
287 748 3
287 768 3
287 772 3
287 779 3
287 781 4
287 790 3
287 794 3
287 820 2
287 823 3
287 833 3
287 845 4
287 921 3
287 932 5
287 939 4
287 941 3
287 955 4
287 956 3
287 978 2
288 1 4
288 8 4
288 9 2
288 11 5
288 22 4
288 28 5
288 33 4
288 58 4
288 64 5
288 69 4
288 70 3
288 83 4
288 87 5
288 96 4
288 98 4
288 111 4
288 133 4
288 135 4
288 154 4
288 164 1
288 168 4
288 172 4
288 173 4
288 176 4
288 180 3
288 181 4
288 182 4
288 183 4
288 185 3
288 186 4
288 190 4
288 196 4
288 198 4
288 199 1
288 200 1
288 203 3
288 207 4
288 208 4
288 210 4
288 211 4
288 222 4
288 228 4
288 230 3
288 238 4
288 243 2
288 245 5
288 258 1
288 260 4
288 265 4
288 269 5
288 289 3
288 292 3
288 299 5
288 304 1
288 318 1
288 328 1
288 333 5
288 357 4
288 358 1
288 385 5
288 405 2
288 414 5
288 419 4
288 429 4
288 434 4
288 468 5
288 474 4
288 480 4
288 485 3
288 491 4
288 493 5
288 496 3
288 498 4
288 500 4
288 510 4
288 511 5
288 514 4
288 515 4
288 520 4
288 521 3
288 523 4
288 526 2
288 527 4
288 568 3
288 605 3
288 612 3
288 655 4
288 659 3
288 662 4
288 692 3
288 707 3
288 724 5
288 732 4
288 748 3
288 776 2
288 845 3
288 880 2
288 890 3
289 243 3
289 258 5
289 259 5
289 260 5
289 261 5
289 263 5
289 264 2
289 266 3
289 268 4
289 270 5
289 271 2
289 272 4
289 286 1
289 288 4
289 289 5
289 292 5
289 294 5
289 301 4
289 302 3
289 303 4
289 308 4
289 310 1
289 313 5
289 315 1
289 316 3
289 321 2
289 324 4
289 325 1
289 326 3
289 327 5
289 330 1
289 331 3
289 332 3
289 333 4
289 334 4
289 339 3
289 340 2
289 342 1
289 343 1
289 349 2
289 353 2
289 355 3
289 358 4
289 457 1
289 538 1
289 539 1
289 678 3
289 681 1
289 682 3
289 687 2
289 689 4
289 750 4
289 751 4
289 752 4
289 872 1
289 873 2
289 874 5
289 875 3
289 881 3
289 883 5
289 887 5
289 890 5
289 892 1
289 902 3
289 908 1
289 948 3
289 988 2
289 989 3
289 991 1
290 1 2
290 7 5
290 9 5
290 15 5
290 50 5
290 93 4
290 117 5
290 124 3
290 126 5
290 127 3
290 150 5
290 151 2
290 181 2
290 224 3
290 237 5
290 246 5
290 257 1
290 258 3
290 273 3
290 277 5
290 284 3
290 286 3
290 292 3
290 293 3
290 298 1
290 302 4
290 333 3
290 410 5
290 475 5
290 515 3
290 596 3
290 764 1
290 847 3
290 919 5
290 926 2
290 993 5
291 7 4
291 19 4
291 45 5
291 100 4
291 124 5
291 129 5
291 236 4
291 237 3
291 258 4
291 273 4
291 286 4
291 340 3
291 475 4
291 657 4
291 900 4
292 45 1
292 56 3
292 64 4
292 69 4
292 83 4
292 97 3
292 100 4
292 124 1
292 127 3
292 134 3
292 137 1
292 185 4
292 186 4
292 187 5
292 192 4
292 193 4
292 205 2
292 221 2
292 242 3
292 285 3
292 286 3
292 318 4
292 479 1
292 482 2
292 483 3
292 492 5
292 511 4
292 523 4
292 527 4
292 531 4
292 654 5
292 657 4
292 772 3
292 923 5
293 1 4
293 7 4
293 11 4
293 12 5
293 22 5
293 24 4
293 48 4
293 50 5
293 56 4
293 59 5
293 60 5
293 61 5
293 65 5
293 69 4
293 71 4
293 79 4
293 82 4
293 91 4
293 95 4
293 96 5
293 98 4
293 100 5
293 115 5
293 117 5
293 118 4
293 121 4
293 124 5
293 127 4
293 150 4
293 156 4
293 168 5
293 171 4
293 172 5
293 173 5
293 174 5
293 175 4
293 176 3
293 180 4
293 181 4
293 182 3
293 183 4
293 188 3
293 191 4
293 192 5
293 195 5
293 196 4
293 201 4
293 209 4
293 210 4
293 222 4
293 234 5
293 235 3
293 238 5
293 239 5
293 250 4
293 252 1
293 257 4
293 258 5
293 260 3
293 264 1
293 265 4
293 271 5
293 273 4
293 275 4
293 284 3
293 288 3
293 298 4
293 300 5
293 318 5
293 323 3
293 327 5
293 328 5
293 343 3
293 357 4
293 369 3
293 405 3
293 411 3
293 423 5
293 431 5
293 455 5
293 462 5
293 475 5
293 483 4
293 527 5
293 528 5
293 546 3
293 550 3
293 597 3
293 647 5
293 652 4
293 684 4
293 687 1
293 693 3
293 742 4
293 746 3
293 751 3
293 754 5
293 762 3
293 763 3
293 876 4
293 886 5
293 890 1
293 925 1
294 1 4
294 9 5
294 15 2
294 64 5
294 65 4
294 86 3
294 98 5
294 100 5
294 126 3
294 174 4
294 183 4
294 191 4
294 194 4
294 222 4
294 237 4
294 286 3
294 289 3
294 294 3
294 322 5
294 357 5
294 479 4
294 507 4
294 528 4
294 748 3
294 924 2
295 2 3
295 4 4
295 11 4
295 29 2
295 44 4
295 50 4
295 53 1
295 54 3
295 56 4
295 62 4
295 64 5
295 68 3
295 69 4
295 71 4
295 79 4
295 84 4
295 86 4
295 88 4
295 89 4
295 90 2
295 91 3
295 94 3
295 95 4
295 98 4
295 101 3
295 109 3
295 120 2
295 127 4
295 132 4
295 133 4
295 139 3
295 140 3
295 144 4
295 145 5
295 147 4
295 153 4
295 155 3
295 157 3
295 158 2
295 161 4
295 162 4
295 163 3
295 167 3
295 168 4
295 172 5
295 173 4
295 174 4
295 176 4
295 179 4
295 181 4
295 184 3
295 186 4
295 188 4
295 191 4
295 195 4
295 200 4
295 201 3
295 202 4
295 214 2
295 216 4
295 217 3
295 219 3
295 222 4
295 226 4
295 227 3
295 228 4
295 229 3
295 230 3
295 231 2
295 232 3
295 234 4
295 235 3
295 265 4
295 282 4
295 288 3
295 357 4
295 379 2
295 380 4
295 385 4
295 386 2
295 389 5
295 391 2
295 392 3
295 395 2
295 402 4
295 403 4
295 404 4
295 413 2
295 416 3
295 417 3
295 421 4
295 423 4
295 431 3
295 433 4
295 435 4
295 444 2
295 447 4
295 449 3
295 452 3
295 465 3
295 470 4
295 472 3
295 478 5
295 479 5
295 496 4
295 501 3
295 504 4
295 505 4
295 507 4
295 523 5
295 550 4
295 559 3
295 566 4
295 575 3
295 581 4
295 616 3
295 622 4
295 629 4
295 642 4
295 650 4
295 658 5
295 660 4
295 665 2
295 671 3
295 674 2
295 679 3
295 684 4
295 705 4
295 732 4
295 742 4
295 768 3
295 770 4
295 790 3
295 796 3
295 797 3
295 831 2
295 843 3
295 924 3
295 944 3
296 7 4
296 10 4
296 17 3
296 33 4
296 38 3
296 39 3
296 42 3
296 50 4
296 53 3
296 56 4
296 64 5
296 77 3
296 87 4
296 96 4
296 97 4
296 98 4
296 99 4
296 109 4
296 132 4
296 133 4
296 135 4
296 136 4
296 141 4
296 142 3
296 143 4
296 147 3
296 150 4
296 154 4
296 156 4
296 158 3
296 164 4
296 172 4
296 173 5
296 181 4
296 183 4
296 186 4
296 204 4
296 222 4
296 227 3
296 228 4
296 229 3
296 246 4
296 268 4
296 288 3
296 318 4
296 356 4
296 378 4
296 380 4
296 393 4
296 417 3
296 418 3
296 420 4
296 421 4
296 433 4
296 469 4
296 480 4
296 484 4
296 485 4
296 509 4
296 526 4
296 528 4
296 532 4
296 554 3
296 561 2
296 607 3
296 625 3
296 633 5
296 727 3
296 743 2
296 746 4
296 774 1
296 825 5
296 921 4
297 1 4
297 2 3
297 3 5
297 11 3
297 12 5
297 13 4
297 19 4
297 24 5
297 25 5
297 28 4
297 31 4
297 38 3
297 39 5
297 54 3
297 56 4
297 66 4
297 67 4
297 70 4
297 71 4
297 72 3
297 77 3
297 79 4
297 80 3
297 87 4
297 89 5
297 94 3
297 95 5
297 96 4
297 97 4
297 98 4
297 99 4
297 100 3
297 101 3
297 105 3
297 108 3
297 109 2
297 114 5
297 118 3
297 122 1
297 127 3
297 139 3
297 145 1
297 152 5
297 153 4
297 155 4
297 161 4
297 163 4
297 164 4
297 167 3
297 168 4
297 173 3
297 174 4
297 175 5
297 181 2
297 183 4
297 185 4
297 186 4
297 187 4
297 188 4
297 189 5
297 194 4
297 195 4
297 197 4
297 202 3
297 204 4
297 208 5
297 217 3
297 222 3
297 225 3
297 227 4
297 228 4
297 229 3
297 230 4
297 233 4
297 234 4
297 240 3
297 242 4
297 248 3
297 250 5
297 252 4
297 257 5
297 258 2
297 260 1
297 268 2
297 273 1
297 274 5
297 288 3
297 291 2
297 325 5
297 358 5
297 363 3
297 364 2
297 373 5
297 381 4
297 382 4
297 384 4
297 385 4
297 386 2
297 393 4
297 395 2
297 399 4
297 403 3
297 405 5
297 407 1
297 408 5
297 412 1
297 418 4
297 423 4
297 431 2
297 432 4
297 451 4
297 452 3
297 455 1
297 465 5
297 472 5
297 475 2
297 501 4
297 508 4
297 510 4
297 526 3
297 540 2
297 545 2
297 549 3
297 550 4
297 552 2
297 559 2
297 562 4
297 566 4
297 568 3
297 570 3
297 575 3
297 577 3
297 578 3
297 588 5
297 590 1
297 597 3
297 603 4
297 625 2
297 627 3
297 645 3
297 651 4
297 652 4
297 655 4
297 657 4
297 679 4
297 692 4
297 716 4
297 721 1
297 722 4
297 724 5
297 731 4
297 741 5
297 748 4
297 758 1
297 765 1
297 771 1
297 780 3
297 781 4
297 783 4
297 790 3
297 792 4
297 797 5
297 802 3
297 808 1
297 809 5
297 810 4
297 840 5
297 849 1
297 864 1
297 940 1
297 943 4
297 1000 3
298 10 1
298 11 4
298 12 4
298 23 4
298 32 4
298 50 5
298 53 3
298 54 3
298 56 4
298 59 5
298 61 5
298 79 5
298 83 4
298 89 4
298 98 4
298 121 2
298 124 3
298 127 5
298 136 3
298 137 5
298 144 4
298 150 5
298 151 4
298 156 4
298 160 4
298 164 5
298 168 5
298 171 4
298 172 5
298 175 4
298 176 3
298 182 4
298 183 5
298 186 4
298 187 5
298 191 5
298 192 3
298 197 5
298 202 5
298 203 4
298 204 5
298 210 4
298 218 4
298 222 4
298 228 4
298 229 3
298 258 4
298 262 2
298 271 3
298 275 2
298 288 3
298 293 2
298 302 4
298 340 1
298 381 5
298 425 3
298 435 5
298 443 4
298 447 4
298 448 4
298 449 4
298 464 5
298 474 5
298 475 4
298 483 5
298 484 3
298 486 4
298 489 4
298 512 5
298 515 4
298 522 2
298 525 4
298 548 5
298 554 4
298 558 5
298 594 3
298 607 2
298 628 3
298 631 3
298 649 4
298 652 3
298 656 4
298 664 4
298 675 4
298 693 4
298 754 4
298 772 3
298 806 4
298 887 1
298 919 5
298 922 5
298 933 4
298 985 3
299 7 4
299 8 4
299 11 4
299 12 5
299 50 4
299 69 4
299 87 4
299 97 4
299 117 4
299 132 4
299 153 4
299 157 4
299 176 4
299 177 4
299 181 4
299 182 4
299 183 4
299 191 4
299 193 3
299 194 4
299 198 5
299 202 4
299 207 5
299 210 4
299 213 4
299 215 4
299 238 4
299 251 4
299 271 3
299 272 4
299 275 4
299 295 3
299 300 3
299 301 3
299 312 3
299 313 4
299 318 4
299 326 3
299 357 4
299 414 3
299 425 3
299 427 4
299 463 4
299 474 4
299 482 1
299 483 4
299 484 4
299 486 2
299 497 5
299 511 4
299 514 4
299 516 4
299 520 4
299 521 4
299 530 4
299 539 3
299 605 3
299 651 4
299 657 4
299 661 4
299 663 3
299 690 3
299 692 4
299 742 4
299 750 4
299 879 3
299 886 5
299 887 3
299 902 1
300 1 4
300 3 3
300 8 4
300 9 4
300 15 4
300 25 4
300 28 4
300 30 4
300 39 3
300 42 4
300 43 2
300 44 4
300 45 4
300 50 5
300 56 4
300 58 4
300 59 5
300 61 4
300 62 3
300 69 4
300 70 4
300 72 3
300 77 4
300 83 4
300 88 4
300 89 4
300 94 3
300 97 4
300 98 4
300 100 4
300 116 4
300 118 3
300 120 2
300 125 4
300 129 4
300 133 4
300 135 4
300 143 4
300 147 4
300 159 4
300 164 4
300 172 4
300 175 4
300 179 4
300 181 4
300 196 4
300 204 4
300 208 4
300 210 4
300 211 4
300 216 4
300 217 3
300 223 5
300 234 4
300 235 3
300 238 4
300 244 3
300 245 3
300 246 4
300 250 3
300 252 3
300 255 4
300 257 4
300 268 4
300 274 4
300 275 4
300 276 4
300 281 3
300 282 4
300 283 3
300 284 3
300 285 4
300 287 4
300 294 3
300 298 3
300 300 4
300 301 4
300 304 3
300 316 4
300 319 3
300 325 3
300 381 4
300 386 2
300 387 4
300 393 4
300 396 3
300 405 3
300 407 2
300 412 3
300 421 4
300 448 3
300 464 5
300 469 4
300 471 4
300 472 4
300 475 4
300 476 3
300 479 4
300 498 4
300 509 4
300 514 4
300 517 4
300 522 3
300 529 4
300 531 4
300 535 4
300 553 3
300 559 3
300 568 4
300 569 3
300 584 3
300 611 4
300 619 4
300 639 4
300 640 4
300 660 4
300 662 4
300 665 3
300 699 4
300 709 4
300 714 4
300 721 3
300 729 4
300 735 4
300 739 4
300 742 4
300 762 3
300 768 2
300 775 4
300 780 3
300 781 4
300 815 3
300 821 3
300 827 3
300 836 4
300 845 4
300 930 3
300 964 4
300 971 3
300 988 3
300 996 2
